(+1 -77 -87 -15 +113 -99 -18 -95 -88 +9 +19 -89 -71 +17 -10 -121 -109 -53 +79 -48 -85 +26 -60 +117 +3 +94 +100 -33 -32 +96 -118 +45 -54 +36 +93 -102 +38 -70 -104 +43 -4 -42 +49 +84 -21 -65 +34 -20 -5 -83 +74 -119 +97 -80 +68 +106 -55 -28 +111 +23 +30 -122 +24 +62 -46 +108 -52 +90 -35 +61 -114 +107 +57 -16 -2 +63 -25 -56 -29 +47 +124 -8 -66 -39 -6 +64 -27 +41 -115 +110 -78 +116 +22 -103 -40 +67 -86 -13 -123 +12 -37 +72 -50 -59 -58 +73 +105 +69 -31 +75 -11 +112 +101 +76 +98 +91 -81 +14 +120 -82 -51 +44 -7 +92)
(+1 +2 +16 -57 -107 +114 -61 +35 -90 +52 -108 +46 -62 -24 +122 -30 -23 -111 +28 +55 -106 -68 +80 -97 +119 -74 +83 +5 +20 -34 +65 +21 -84 -49 +42 +4 -43 +104 +70 -38 +102 -93 -36 +54 -45 +118 -96 +32 +33 -100 -94 -3 -117 +60 -26 +85 +48 -79 +53 +109 +121 +10 -17 +71 +89 -19 -9 +88 +95 +18 +99 -113 +15 +87 +77 +63 -25 -56 -29 +47 +124 -8 -66 -39 -6 +64 -27 +41 -115 +110 -78 +116 +22 -103 -40 +67 -86 -13 -123 +12 -37 +72 -50 -59 -58 +73 +105 +69 -31 +75 -11 +112 +101 +76 +98 +91 -81 +14 +120 -82 -51 +44 -7 +92)
(+1 +2 +3 +94 +100 -33 -32 +96 -118 +45 -54 +36 +93 -102 +38 -70 -104 +43 -4 -42 +49 +84 -21 -65 +34 -20 -5 -83 +74 -119 +97 -80 +68 +106 -55 -28 +111 +23 +30 -122 +24 +62 -46 +108 -52 +90 -35 +61 -114 +107 +57 -16 -117 +60 -26 +85 +48 -79 +53 +109 +121 +10 -17 +71 +89 -19 -9 +88 +95 +18 +99 -113 +15 +87 +77 +63 -25 -56 -29 +47 +124 -8 -66 -39 -6 +64 -27 +41 -115 +110 -78 +116 +22 -103 -40 +67 -86 -13 -123 +12 -37 +72 -50 -59 -58 +73 +105 +69 -31 +75 -11 +112 +101 +76 +98 +91 -81 +14 +120 -82 -51 +44 -7 +92)
(+1 +2 +3 +4 -43 +104 +70 -38 +102 -93 -36 +54 -45 +118 -96 +32 +33 -100 -94 -42 +49 +84 -21 -65 +34 -20 -5 -83 +74 -119 +97 -80 +68 +106 -55 -28 +111 +23 +30 -122 +24 +62 -46 +108 -52 +90 -35 +61 -114 +107 +57 -16 -117 +60 -26 +85 +48 -79 +53 +109 +121 +10 -17 +71 +89 -19 -9 +88 +95 +18 +99 -113 +15 +87 +77 +63 -25 -56 -29 +47 +124 -8 -66 -39 -6 +64 -27 +41 -115 +110 -78 +116 +22 -103 -40 +67 -86 -13 -123 +12 -37 +72 -50 -59 -58 +73 +105 +69 -31 +75 -11 +112 +101 +76 +98 +91 -81 +14 +120 -82 -51 +44 -7 +92)
(+1 +2 +3 +4 +5 +20 -34 +65 +21 -84 -49 +42 +94 +100 -33 -32 +96 -118 +45 -54 +36 +93 -102 +38 -70 -104 +43 -83 +74 -119 +97 -80 +68 +106 -55 -28 +111 +23 +30 -122 +24 +62 -46 +108 -52 +90 -35 +61 -114 +107 +57 -16 -117 +60 -26 +85 +48 -79 +53 +109 +121 +10 -17 +71 +89 -19 -9 +88 +95 +18 +99 -113 +15 +87 +77 +63 -25 -56 -29 +47 +124 -8 -66 -39 -6 +64 -27 +41 -115 +110 -78 +116 +22 -103 -40 +67 -86 -13 -123 +12 -37 +72 -50 -59 -58 +73 +105 +69 -31 +75 -11 +112 +101 +76 +98 +91 -81 +14 +120 -82 -51 +44 -7 +92)
(+1 +2 +3 +4 +5 +6 +39 +66 +8 -124 -47 +29 +56 +25 -63 -77 -87 -15 +113 -99 -18 -95 -88 +9 +19 -89 -71 +17 -10 -121 -109 -53 +79 -48 -85 +26 -60 +117 +16 -57 -107 +114 -61 +35 -90 +52 -108 +46 -62 -24 +122 -30 -23 -111 +28 +55 -106 -68 +80 -97 +119 -74 +83 -43 +104 +70 -38 +102 -93 -36 +54 -45 +118 -96 +32 +33 -100 -94 -42 +49 +84 -21 -65 +34 -20 +64 -27 +41 -115 +110 -78 +116 +22 -103 -40 +67 -86 -13 -123 +12 -37 +72 -50 -59 -58 +73 +105 +69 -31 +75 -11 +112 +101 +76 +98 +91 -81 +14 +120 -82 -51 +44 -7 +92)
(+1 +2 +3 +4 +5 +6 +7 -44 +51 +82 -120 -14 +81 -91 -98 -76 -101 -112 +11 -75 +31 -69 -105 -73 +58 +59 +50 -72 +37 -12 +123 +13 +86 -67 +40 +103 -22 -116 +78 -110 +115 -41 +27 -64 +20 -34 +65 +21 -84 -49 +42 +94 +100 -33 -32 +96 -118 +45 -54 +36 +93 -102 +38 -70 -104 +43 -83 +74 -119 +97 -80 +68 +106 -55 -28 +111 +23 +30 -122 +24 +62 -46 +108 -52 +90 -35 +61 -114 +107 +57 -16 -117 +60 -26 +85 +48 -79 +53 +109 +121 +10 -17 +71 +89 -19 -9 +88 +95 +18 +99 -113 +15 +87 +77 +63 -25 -56 -29 +47 +124 -8 -66 -39 +92)
(+1 +2 +3 +4 +5 +6 +7 +8 -124 -47 +29 +56 +25 -63 -77 -87 -15 +113 -99 -18 -95 -88 +9 +19 -89 -71 +17 -10 -121 -109 -53 +79 -48 -85 +26 -60 +117 +16 -57 -107 +114 -61 +35 -90 +52 -108 +46 -62 -24 +122 -30 -23 -111 +28 +55 -106 -68 +80 -97 +119 -74 +83 -43 +104 +70 -38 +102 -93 -36 +54 -45 +118 -96 +32 +33 -100 -94 -42 +49 +84 -21 -65 +34 -20 +64 -27 +41 -115 +110 -78 +116 +22 -103 -40 +67 -86 -13 -123 +12 -37 +72 -50 -59 -58 +73 +105 +69 -31 +75 -11 +112 +101 +76 +98 +91 -81 +14 +120 -82 -51 +44 -66 -39 +92)
(+1 +2 +3 +4 +5 +6 +7 +8 -9 +88 +95 +18 +99 -113 +15 +87 +77 +63 -25 -56 -29 +47 +124 +19 -89 -71 +17 -10 -121 -109 -53 +79 -48 -85 +26 -60 +117 +16 -57 -107 +114 -61 +35 -90 +52 -108 +46 -62 -24 +122 -30 -23 -111 +28 +55 -106 -68 +80 -97 +119 -74 +83 -43 +104 +70 -38 +102 -93 -36 +54 -45 +118 -96 +32 +33 -100 -94 -42 +49 +84 -21 -65 +34 -20 +64 -27 +41 -115 +110 -78 +116 +22 -103 -40 +67 -86 -13 -123 +12 -37 +72 -50 -59 -58 +73 +105 +69 -31 +75 -11 +112 +101 +76 +98 +91 -81 +14 +120 -82 -51 +44 -66 -39 +92)
(+1 +2 +3 +4 +5 +6 +7 +8 +9 +88 +95 +18 +99 -113 +15 +87 +77 +63 -25 -56 -29 +47 +124 +19 -89 -71 +17 -10 -121 -109 -53 +79 -48 -85 +26 -60 +117 +16 -57 -107 +114 -61 +35 -90 +52 -108 +46 -62 -24 +122 -30 -23 -111 +28 +55 -106 -68 +80 -97 +119 -74 +83 -43 +104 +70 -38 +102 -93 -36 +54 -45 +118 -96 +32 +33 -100 -94 -42 +49 +84 -21 -65 +34 -20 +64 -27 +41 -115 +110 -78 +116 +22 -103 -40 +67 -86 -13 -123 +12 -37 +72 -50 -59 -58 +73 +105 +69 -31 +75 -11 +112 +101 +76 +98 +91 -81 +14 +120 -82 -51 +44 -66 -39 +92)
(+1 +2 +3 +4 +5 +6 +7 +8 +9 +10 -17 +71 +89 -19 -124 -47 +29 +56 +25 -63 -77 -87 -15 +113 -99 -18 -95 -88 -121 -109 -53 +79 -48 -85 +26 -60 +117 +16 -57 -107 +114 -61 +35 -90 +52 -108 +46 -62 -24 +122 -30 -23 -111 +28 +55 -106 -68 +80 -97 +119 -74 +83 -43 +104 +70 -38 +102 -93 -36 +54 -45 +118 -96 +32 +33 -100 -94 -42 +49 +84 -21 -65 +34 -20 +64 -27 +41 -115 +110 -78 +116 +22 -103 -40 +67 -86 -13 -123 +12 -37 +72 -50 -59 -58 +73 +105 +69 -31 +75 -11 +112 +101 +76 +98 +91 -81 +14 +120 -82 -51 +44 -66 -39 +92)
(+1 +2 +3 +4 +5 +6 +7 +8 +9 +10 +11 -75 +31 -69 -105 -73 +58 +59 +50 -72 +37 -12 +123 +13 +86 -67 +40 +103 -22 -116 +78 -110 +115 -41 +27 -64 +20 -34 +65 +21 -84 -49 +42 +94 +100 -33 -32 +96 -118 +45 -54 +36 +93 -102 +38 -70 -104 +43 -83 +74 -119 +97 -80 +68 +106 -55 -28 +111 +23 +30 -122 +24 +62 -46 +108 -52 +90 -35 +61 -114 +107 +57 -16 -117 +60 -26 +85 +48 -79 +53 +109 +121 +88 +95 +18 +99 -113 +15 +87 +77 +63 -25 -56 -29 +47 +124 +19 -89 -71 +17 +112 +101 +76 +98 +91 -81 +14 +120 -82 -51 +44 -66 -39 +92)
(+1 +2 +3 +4 +5 +6 +7 +8 +9 +10 +11 +12 -37 +72 -50 -59 -58 +73 +105 +69 -31 +75 +123 +13 +86 -67 +40 +103 -22 -116 +78 -110 +115 -41 +27 -64 +20 -34 +65 +21 -84 -49 +42 +94 +100 -33 -32 +96 -118 +45 -54 +36 +93 -102 +38 -70 -104 +43 -83 +74 -119 +97 -80 +68 +106 -55 -28 +111 +23 +30 -122 +24 +62 -46 +108 -52 +90 -35 +61 -114 +107 +57 -16 -117 +60 -26 +85 +48 -79 +53 +109 +121 +88 +95 +18 +99 -113 +15 +87 +77 +63 -25 -56 -29 +47 +124 +19 -89 -71 +17 +112 +101 +76 +98 +91 -81 +14 +120 -82 -51 +44 -66 -39 +92)
(+1 +2 +3 +4 +5 +6 +7 +8 +9 +10 +11 +12 -13 -123 -75 +31 -69 -105 -73 +58 +59 +50 -72 +37 +86 -67 +40 +103 -22 -116 +78 -110 +115 -41 +27 -64 +20 -34 +65 +21 -84 -49 +42 +94 +100 -33 -32 +96 -118 +45 -54 +36 +93 -102 +38 -70 -104 +43 -83 +74 -119 +97 -80 +68 +106 -55 -28 +111 +23 +30 -122 +24 +62 -46 +108 -52 +90 -35 +61 -114 +107 +57 -16 -117 +60 -26 +85 +48 -79 +53 +109 +121 +88 +95 +18 +99 -113 +15 +87 +77 +63 -25 -56 -29 +47 +124 +19 -89 -71 +17 +112 +101 +76 +98 +91 -81 +14 +120 -82 -51 +44 -66 -39 +92)
(+1 +2 +3 +4 +5 +6 +7 +8 +9 +10 +11 +12 +13 -123 -75 +31 -69 -105 -73 +58 +59 +50 -72 +37 +86 -67 +40 +103 -22 -116 +78 -110 +115 -41 +27 -64 +20 -34 +65 +21 -84 -49 +42 +94 +100 -33 -32 +96 -118 +45 -54 +36 +93 -102 +38 -70 -104 +43 -83 +74 -119 +97 -80 +68 +106 -55 -28 +111 +23 +30 -122 +24 +62 -46 +108 -52 +90 -35 +61 -114 +107 +57 -16 -117 +60 -26 +85 +48 -79 +53 +109 +121 +88 +95 +18 +99 -113 +15 +87 +77 +63 -25 -56 -29 +47 +124 +19 -89 -71 +17 +112 +101 +76 +98 +91 -81 +14 +120 -82 -51 +44 -66 -39 +92)
(+1 +2 +3 +4 +5 +6 +7 +8 +9 +10 +11 +12 +13 -14 +81 -91 -98 -76 -101 -112 -17 +71 +89 -19 -124 -47 +29 +56 +25 -63 -77 -87 -15 +113 -99 -18 -95 -88 -121 -109 -53 +79 -48 -85 +26 -60 +117 +16 -57 -107 +114 -61 +35 -90 +52 -108 +46 -62 -24 +122 -30 -23 -111 +28 +55 -106 -68 +80 -97 +119 -74 +83 -43 +104 +70 -38 +102 -93 -36 +54 -45 +118 -96 +32 +33 -100 -94 -42 +49 +84 -21 -65 +34 -20 +64 -27 +41 -115 +110 -78 +116 +22 -103 -40 +67 -86 -37 +72 -50 -59 -58 +73 +105 +69 -31 +75 +123 +120 -82 -51 +44 -66 -39 +92)
(+1 +2 +3 +4 +5 +6 +7 +8 +9 +10 +11 +12 +13 +14 +81 -91 -98 -76 -101 -112 -17 +71 +89 -19 -124 -47 +29 +56 +25 -63 -77 -87 -15 +113 -99 -18 -95 -88 -121 -109 -53 +79 -48 -85 +26 -60 +117 +16 -57 -107 +114 -61 +35 -90 +52 -108 +46 -62 -24 +122 -30 -23 -111 +28 +55 -106 -68 +80 -97 +119 -74 +83 -43 +104 +70 -38 +102 -93 -36 +54 -45 +118 -96 +32 +33 -100 -94 -42 +49 +84 -21 -65 +34 -20 +64 -27 +41 -115 +110 -78 +116 +22 -103 -40 +67 -86 -37 +72 -50 -59 -58 +73 +105 +69 -31 +75 +123 +120 -82 -51 +44 -66 -39 +92)
(+1 +2 +3 +4 +5 +6 +7 +8 +9 +10 +11 +12 +13 +14 +15 +87 +77 +63 -25 -56 -29 +47 +124 +19 -89 -71 +17 +112 +101 +76 +98 +91 -81 +113 -99 -18 -95 -88 -121 -109 -53 +79 -48 -85 +26 -60 +117 +16 -57 -107 +114 -61 +35 -90 +52 -108 +46 -62 -24 +122 -30 -23 -111 +28 +55 -106 -68 +80 -97 +119 -74 +83 -43 +104 +70 -38 +102 -93 -36 +54 -45 +118 -96 +32 +33 -100 -94 -42 +49 +84 -21 -65 +34 -20 +64 -27 +41 -115 +110 -78 +116 +22 -103 -40 +67 -86 -37 +72 -50 -59 -58 +73 +105 +69 -31 +75 +123 +120 -82 -51 +44 -66 -39 +92)
(+1 +2 +3 +4 +5 +6 +7 +8 +9 +10 +11 +12 +13 +14 +15 -16 -117 +60 -26 +85 +48 -79 +53 +109 +121 +88 +95 +18 +99 -113 +81 -91 -98 -76 -101 -112 -17 +71 +89 -19 -124 -47 +29 +56 +25 -63 -77 -87 -57 -107 +114 -61 +35 -90 +52 -108 +46 -62 -24 +122 -30 -23 -111 +28 +55 -106 -68 +80 -97 +119 -74 +83 -43 +104 +70 -38 +102 -93 -36 +54 -45 +118 -96 +32 +33 -100 -94 -42 +49 +84 -21 -65 +34 -20 +64 -27 +41 -115 +110 -78 +116 +22 -103 -40 +67 -86 -37 +72 -50 -59 -58 +73 +105 +69 -31 +75 +123 +120 -82 -51 +44 -66 -39 +92)
(+1 +2 +3 +4 +5 +6 +7 +8 +9 +10 +11 +12 +13 +14 +15 +16 -117 +60 -26 +85 +48 -79 +53 +109 +121 +88 +95 +18 +99 -113 +81 -91 -98 -76 -101 -112 -17 +71 +89 -19 -124 -47 +29 +56 +25 -63 -77 -87 -57 -107 +114 -61 +35 -90 +52 -108 +46 -62 -24 +122 -30 -23 -111 +28 +55 -106 -68 +80 -97 +119 -74 +83 -43 +104 +70 -38 +102 -93 -36 +54 -45 +118 -96 +32 +33 -100 -94 -42 +49 +84 -21 -65 +34 -20 +64 -27 +41 -115 +110 -78 +116 +22 -103 -40 +67 -86 -37 +72 -50 -59 -58 +73 +105 +69 -31 +75 +123 +120 -82 -51 +44 -66 -39 +92)
(+1 +2 +3 +4 +5 +6 +7 +8 +9 +10 +11 +12 +13 +14 +15 +16 +17 +112 +101 +76 +98 +91 -81 +113 -99 -18 -95 -88 -121 -109 -53 +79 -48 -85 +26 -60 +117 +71 +89 -19 -124 -47 +29 +56 +25 -63 -77 -87 -57 -107 +114 -61 +35 -90 +52 -108 +46 -62 -24 +122 -30 -23 -111 +28 +55 -106 -68 +80 -97 +119 -74 +83 -43 +104 +70 -38 +102 -93 -36 +54 -45 +118 -96 +32 +33 -100 -94 -42 +49 +84 -21 -65 +34 -20 +64 -27 +41 -115 +110 -78 +116 +22 -103 -40 +67 -86 -37 +72 -50 -59 -58 +73 +105 +69 -31 +75 +123 +120 -82 -51 +44 -66 -39 +92)
(+1 +2 +3 +4 +5 +6 +7 +8 +9 +10 +11 +12 +13 +14 +15 +16 +17 +18 +99 -113 +81 -91 -98 -76 -101 -112 -95 -88 -121 -109 -53 +79 -48 -85 +26 -60 +117 +71 +89 -19 -124 -47 +29 +56 +25 -63 -77 -87 -57 -107 +114 -61 +35 -90 +52 -108 +46 -62 -24 +122 -30 -23 -111 +28 +55 -106 -68 +80 -97 +119 -74 +83 -43 +104 +70 -38 +102 -93 -36 +54 -45 +118 -96 +32 +33 -100 -94 -42 +49 +84 -21 -65 +34 -20 +64 -27 +41 -115 +110 -78 +116 +22 -103 -40 +67 -86 -37 +72 -50 -59 -58 +73 +105 +69 -31 +75 +123 +120 -82 -51 +44 -66 -39 +92)
(+1 +2 +3 +4 +5 +6 +7 +8 +9 +10 +11 +12 +13 +14 +15 +16 +17 +18 +19 -89 -71 -117 +60 -26 +85 +48 -79 +53 +109 +121 +88 +95 +112 +101 +76 +98 +91 -81 +113 -99 -124 -47 +29 +56 +25 -63 -77 -87 -57 -107 +114 -61 +35 -90 +52 -108 +46 -62 -24 +122 -30 -23 -111 +28 +55 -106 -68 +80 -97 +119 -74 +83 -43 +104 +70 -38 +102 -93 -36 +54 -45 +118 -96 +32 +33 -100 -94 -42 +49 +84 -21 -65 +34 -20 +64 -27 +41 -115 +110 -78 +116 +22 -103 -40 +67 -86 -37 +72 -50 -59 -58 +73 +105 +69 -31 +75 +123 +120 -82 -51 +44 -66 -39 +92)
(+1 +2 +3 +4 +5 +6 +7 +8 +9 +10 +11 +12 +13 +14 +15 +16 +17 +18 +19 +20 -34 +65 +21 -84 -49 +42 +94 +100 -33 -32 +96 -118 +45 -54 +36 +93 -102 +38 -70 -104 +43 -83 +74 -119 +97 -80 +68 +106 -55 -28 +111 +23 +30 -122 +24 +62 -46 +108 -52 +90 -35 +61 -114 +107 +57 +87 +77 +63 -25 -56 -29 +47 +124 +99 -113 +81 -91 -98 -76 -101 -112 -95 -88 -121 -109 -53 +79 -48 -85 +26 -60 +117 +71 +89 +64 -27 +41 -115 +110 -78 +116 +22 -103 -40 +67 -86 -37 +72 -50 -59 -58 +73 +105 +69 -31 +75 +123 +120 -82 -51 +44 -66 -39 +92)
(+1 +2 +3 +4 +5 +6 +7 +8 +9 +10 +11 +12 +13 +14 +15 +16 +17 +18 +19 +20 -21 -65 +34 -84 -49 +42 +94 +100 -33 -32 +96 -118 +45 -54 +36 +93 -102 +38 -70 -104 +43 -83 +74 -119 +97 -80 +68 +106 -55 -28 +111 +23 +30 -122 +24 +62 -46 +108 -52 +90 -35 +61 -114 +107 +57 +87 +77 +63 -25 -56 -29 +47 +124 +99 -113 +81 -91 -98 -76 -101 -112 -95 -88 -121 -109 -53 +79 -48 -85 +26 -60 +117 +71 +89 +64 -27 +41 -115 +110 -78 +116 +22 -103 -40 +67 -86 -37 +72 -50 -59 -58 +73 +105 +69 -31 +75 +123 +120 -82 -51 +44 -66 -39 +92)
(+1 +2 +3 +4 +5 +6 +7 +8 +9 +10 +11 +12 +13 +14 +15 +16 +17 +18 +19 +20 +21 -65 +34 -84 -49 +42 +94 +100 -33 -32 +96 -118 +45 -54 +36 +93 -102 +38 -70 -104 +43 -83 +74 -119 +97 -80 +68 +106 -55 -28 +111 +23 +30 -122 +24 +62 -46 +108 -52 +90 -35 +61 -114 +107 +57 +87 +77 +63 -25 -56 -29 +47 +124 +99 -113 +81 -91 -98 -76 -101 -112 -95 -88 -121 -109 -53 +79 -48 -85 +26 -60 +117 +71 +89 +64 -27 +41 -115 +110 -78 +116 +22 -103 -40 +67 -86 -37 +72 -50 -59 -58 +73 +105 +69 -31 +75 +123 +120 -82 -51 +44 -66 -39 +92)
(+1 +2 +3 +4 +5 +6 +7 +8 +9 +10 +11 +12 +13 +14 +15 +16 +17 +18 +19 +20 +21 -22 -116 +78 -110 +115 -41 +27 -64 -89 -71 -117 +60 -26 +85 +48 -79 +53 +109 +121 +88 +95 +112 +101 +76 +98 +91 -81 +113 -99 -124 -47 +29 +56 +25 -63 -77 -87 -57 -107 +114 -61 +35 -90 +52 -108 +46 -62 -24 +122 -30 -23 -111 +28 +55 -106 -68 +80 -97 +119 -74 +83 -43 +104 +70 -38 +102 -93 -36 +54 -45 +118 -96 +32 +33 -100 -94 -42 +49 +84 -34 +65 -103 -40 +67 -86 -37 +72 -50 -59 -58 +73 +105 +69 -31 +75 +123 +120 -82 -51 +44 -66 -39 +92)
(+1 +2 +3 +4 +5 +6 +7 +8 +9 +10 +11 +12 +13 +14 +15 +16 +17 +18 +19 +20 +21 +22 -116 +78 -110 +115 -41 +27 -64 -89 -71 -117 +60 -26 +85 +48 -79 +53 +109 +121 +88 +95 +112 +101 +76 +98 +91 -81 +113 -99 -124 -47 +29 +56 +25 -63 -77 -87 -57 -107 +114 -61 +35 -90 +52 -108 +46 -62 -24 +122 -30 -23 -111 +28 +55 -106 -68 +80 -97 +119 -74 +83 -43 +104 +70 -38 +102 -93 -36 +54 -45 +118 -96 +32 +33 -100 -94 -42 +49 +84 -34 +65 -103 -40 +67 -86 -37 +72 -50 -59 -58 +73 +105 +69 -31 +75 +123 +120 -82 -51 +44 -66 -39 +92)
(+1 +2 +3 +4 +5 +6 +7 +8 +9 +10 +11 +12 +13 +14 +15 +16 +17 +18 +19 +20 +21 +22 +23 +30 -122 +24 +62 -46 +108 -52 +90 -35 +61 -114 +107 +57 +87 +77 +63 -25 -56 -29 +47 +124 +99 -113 +81 -91 -98 -76 -101 -112 -95 -88 -121 -109 -53 +79 -48 -85 +26 -60 +117 +71 +89 +64 -27 +41 -115 +110 -78 +116 -111 +28 +55 -106 -68 +80 -97 +119 -74 +83 -43 +104 +70 -38 +102 -93 -36 +54 -45 +118 -96 +32 +33 -100 -94 -42 +49 +84 -34 +65 -103 -40 +67 -86 -37 +72 -50 -59 -58 +73 +105 +69 -31 +75 +123 +120 -82 -51 +44 -66 -39 +92)
(+1 +2 +3 +4 +5 +6 +7 +8 +9 +10 +11 +12 +13 +14 +15 +16 +17 +18 +19 +20 +21 +22 +23 -24 +122 -30 +62 -46 +108 -52 +90 -35 +61 -114 +107 +57 +87 +77 +63 -25 -56 -29 +47 +124 +99 -113 +81 -91 -98 -76 -101 -112 -95 -88 -121 -109 -53 +79 -48 -85 +26 -60 +117 +71 +89 +64 -27 +41 -115 +110 -78 +116 -111 +28 +55 -106 -68 +80 -97 +119 -74 +83 -43 +104 +70 -38 +102 -93 -36 +54 -45 +118 -96 +32 +33 -100 -94 -42 +49 +84 -34 +65 -103 -40 +67 -86 -37 +72 -50 -59 -58 +73 +105 +69 -31 +75 +123 +120 -82 -51 +44 -66 -39 +92)
(+1 +2 +3 +4 +5 +6 +7 +8 +9 +10 +11 +12 +13 +14 +15 +16 +17 +18 +19 +20 +21 +22 +23 +24 +122 -30 +62 -46 +108 -52 +90 -35 +61 -114 +107 +57 +87 +77 +63 -25 -56 -29 +47 +124 +99 -113 +81 -91 -98 -76 -101 -112 -95 -88 -121 -109 -53 +79 -48 -85 +26 -60 +117 +71 +89 +64 -27 +41 -115 +110 -78 +116 -111 +28 +55 -106 -68 +80 -97 +119 -74 +83 -43 +104 +70 -38 +102 -93 -36 +54 -45 +118 -96 +32 +33 -100 -94 -42 +49 +84 -34 +65 -103 -40 +67 -86 -37 +72 -50 -59 -58 +73 +105 +69 -31 +75 +123 +120 -82 -51 +44 -66 -39 +92)
(+1 +2 +3 +4 +5 +6 +7 +8 +9 +10 +11 +12 +13 +14 +15 +16 +17 +18 +19 +20 +21 +22 +23 +24 +25 -63 -77 -87 -57 -107 +114 -61 +35 -90 +52 -108 +46 -62 +30 -122 -56 -29 +47 +124 +99 -113 +81 -91 -98 -76 -101 -112 -95 -88 -121 -109 -53 +79 -48 -85 +26 -60 +117 +71 +89 +64 -27 +41 -115 +110 -78 +116 -111 +28 +55 -106 -68 +80 -97 +119 -74 +83 -43 +104 +70 -38 +102 -93 -36 +54 -45 +118 -96 +32 +33 -100 -94 -42 +49 +84 -34 +65 -103 -40 +67 -86 -37 +72 -50 -59 -58 +73 +105 +69 -31 +75 +123 +120 -82 -51 +44 -66 -39 +92)
(+1 +2 +3 +4 +5 +6 +7 +8 +9 +10 +11 +12 +13 +14 +15 +16 +17 +18 +19 +20 +21 +22 +23 +24 +25 -26 +85 +48 -79 +53 +109 +121 +88 +95 +112 +101 +76 +98 +91 -81 +113 -99 -124 -47 +29 +56 +122 -30 +62 -46 +108 -52 +90 -35 +61 -114 +107 +57 +87 +77 +63 -60 +117 +71 +89 +64 -27 +41 -115 +110 -78 +116 -111 +28 +55 -106 -68 +80 -97 +119 -74 +83 -43 +104 +70 -38 +102 -93 -36 +54 -45 +118 -96 +32 +33 -100 -94 -42 +49 +84 -34 +65 -103 -40 +67 -86 -37 +72 -50 -59 -58 +73 +105 +69 -31 +75 +123 +120 -82 -51 +44 -66 -39 +92)
(+1 +2 +3 +4 +5 +6 +7 +8 +9 +10 +11 +12 +13 +14 +15 +16 +17 +18 +19 +20 +21 +22 +23 +24 +25 +26 +85 +48 -79 +53 +109 +121 +88 +95 +112 +101 +76 +98 +91 -81 +113 -99 -124 -47 +29 +56 +122 -30 +62 -46 +108 -52 +90 -35 +61 -114 +107 +57 +87 +77 +63 -60 +117 +71 +89 +64 -27 +41 -115 +110 -78 +116 -111 +28 +55 -106 -68 +80 -97 +119 -74 +83 -43 +104 +70 -38 +102 -93 -36 +54 -45 +118 -96 +32 +33 -100 -94 -42 +49 +84 -34 +65 -103 -40 +67 -86 -37 +72 -50 -59 -58 +73 +105 +69 -31 +75 +123 +120 -82 -51 +44 -66 -39 +92)
(+1 +2 +3 +4 +5 +6 +7 +8 +9 +10 +11 +12 +13 +14 +15 +16 +17 +18 +19 +20 +21 +22 +23 +24 +25 +26 +27 -64 -89 -71 -117 +60 -63 -77 -87 -57 -107 +114 -61 +35 -90 +52 -108 +46 -62 +30 -122 -56 -29 +47 +124 +99 -113 +81 -91 -98 -76 -101 -112 -95 -88 -121 -109 -53 +79 -48 -85 +41 -115 +110 -78 +116 -111 +28 +55 -106 -68 +80 -97 +119 -74 +83 -43 +104 +70 -38 +102 -93 -36 +54 -45 +118 -96 +32 +33 -100 -94 -42 +49 +84 -34 +65 -103 -40 +67 -86 -37 +72 -50 -59 -58 +73 +105 +69 -31 +75 +123 +120 -82 -51 +44 -66 -39 +92)
(+1 +2 +3 +4 +5 +6 +7 +8 +9 +10 +11 +12 +13 +14 +15 +16 +17 +18 +19 +20 +21 +22 +23 +24 +25 +26 +27 -28 +111 -116 +78 -110 +115 -41 +85 +48 -79 +53 +109 +121 +88 +95 +112 +101 +76 +98 +91 -81 +113 -99 -124 -47 +29 +56 +122 -30 +62 -46 +108 -52 +90 -35 +61 -114 +107 +57 +87 +77 +63 -60 +117 +71 +89 +64 +55 -106 -68 +80 -97 +119 -74 +83 -43 +104 +70 -38 +102 -93 -36 +54 -45 +118 -96 +32 +33 -100 -94 -42 +49 +84 -34 +65 -103 -40 +67 -86 -37 +72 -50 -59 -58 +73 +105 +69 -31 +75 +123 +120 -82 -51 +44 -66 -39 +92)
(+1 +2 +3 +4 +5 +6 +7 +8 +9 +10 +11 +12 +13 +14 +15 +16 +17 +18 +19 +20 +21 +22 +23 +24 +25 +26 +27 +28 +111 -116 +78 -110 +115 -41 +85 +48 -79 +53 +109 +121 +88 +95 +112 +101 +76 +98 +91 -81 +113 -99 -124 -47 +29 +56 +122 -30 +62 -46 +108 -52 +90 -35 +61 -114 +107 +57 +87 +77 +63 -60 +117 +71 +89 +64 +55 -106 -68 +80 -97 +119 -74 +83 -43 +104 +70 -38 +102 -93 -36 +54 -45 +118 -96 +32 +33 -100 -94 -42 +49 +84 -34 +65 -103 -40 +67 -86 -37 +72 -50 -59 -58 +73 +105 +69 -31 +75 +123 +120 -82 -51 +44 -66 -39 +92)
(+1 +2 +3 +4 +5 +6 +7 +8 +9 +10 +11 +12 +13 +14 +15 +16 +17 +18 +19 +20 +21 +22 +23 +24 +25 +26 +27 +28 -29 +47 +124 +99 -113 +81 -91 -98 -76 -101 -112 -95 -88 -121 -109 -53 +79 -48 -85 +41 -115 +110 -78 +116 -111 +56 +122 -30 +62 -46 +108 -52 +90 -35 +61 -114 +107 +57 +87 +77 +63 -60 +117 +71 +89 +64 +55 -106 -68 +80 -97 +119 -74 +83 -43 +104 +70 -38 +102 -93 -36 +54 -45 +118 -96 +32 +33 -100 -94 -42 +49 +84 -34 +65 -103 -40 +67 -86 -37 +72 -50 -59 -58 +73 +105 +69 -31 +75 +123 +120 -82 -51 +44 -66 -39 +92)
(+1 +2 +3 +4 +5 +6 +7 +8 +9 +10 +11 +12 +13 +14 +15 +16 +17 +18 +19 +20 +21 +22 +23 +24 +25 +26 +27 +28 +29 +47 +124 +99 -113 +81 -91 -98 -76 -101 -112 -95 -88 -121 -109 -53 +79 -48 -85 +41 -115 +110 -78 +116 -111 +56 +122 -30 +62 -46 +108 -52 +90 -35 +61 -114 +107 +57 +87 +77 +63 -60 +117 +71 +89 +64 +55 -106 -68 +80 -97 +119 -74 +83 -43 +104 +70 -38 +102 -93 -36 +54 -45 +118 -96 +32 +33 -100 -94 -42 +49 +84 -34 +65 -103 -40 +67 -86 -37 +72 -50 -59 -58 +73 +105 +69 -31 +75 +123 +120 -82 -51 +44 -66 -39 +92)
(+1 +2 +3 +4 +5 +6 +7 +8 +9 +10 +11 +12 +13 +14 +15 +16 +17 +18 +19 +20 +21 +22 +23 +24 +25 +26 +27 +28 +29 +30 -122 -56 +111 -116 +78 -110 +115 -41 +85 +48 -79 +53 +109 +121 +88 +95 +112 +101 +76 +98 +91 -81 +113 -99 -124 -47 +62 -46 +108 -52 +90 -35 +61 -114 +107 +57 +87 +77 +63 -60 +117 +71 +89 +64 +55 -106 -68 +80 -97 +119 -74 +83 -43 +104 +70 -38 +102 -93 -36 +54 -45 +118 -96 +32 +33 -100 -94 -42 +49 +84 -34 +65 -103 -40 +67 -86 -37 +72 -50 -59 -58 +73 +105 +69 -31 +75 +123 +120 -82 -51 +44 -66 -39 +92)
(+1 +2 +3 +4 +5 +6 +7 +8 +9 +10 +11 +12 +13 +14 +15 +16 +17 +18 +19 +20 +21 +22 +23 +24 +25 +26 +27 +28 +29 +30 +31 -69 -105 -73 +58 +59 +50 -72 +37 +86 -67 +40 +103 -65 +34 -84 -49 +42 +94 +100 -33 -32 +96 -118 +45 -54 +36 +93 -102 +38 -70 -104 +43 -83 +74 -119 +97 -80 +68 +106 -55 -64 -89 -71 -117 +60 -63 -77 -87 -57 -107 +114 -61 +35 -90 +52 -108 +46 -62 +47 +124 +99 -113 +81 -91 -98 -76 -101 -112 -95 -88 -121 -109 -53 +79 -48 -85 +41 -115 +110 -78 +116 -111 +56 +122 +75 +123 +120 -82 -51 +44 -66 -39 +92)
(+1 +2 +3 +4 +5 +6 +7 +8 +9 +10 +11 +12 +13 +14 +15 +16 +17 +18 +19 +20 +21 +22 +23 +24 +25 +26 +27 +28 +29 +30 +31 +32 +33 -100 -94 -42 +49 +84 -34 +65 -103 -40 +67 -86 -37 +72 -50 -59 -58 +73 +105 +69 +96 -118 +45 -54 +36 +93 -102 +38 -70 -104 +43 -83 +74 -119 +97 -80 +68 +106 -55 -64 -89 -71 -117 +60 -63 -77 -87 -57 -107 +114 -61 +35 -90 +52 -108 +46 -62 +47 +124 +99 -113 +81 -91 -98 -76 -101 -112 -95 -88 -121 -109 -53 +79 -48 -85 +41 -115 +110 -78 +116 -111 +56 +122 +75 +123 +120 -82 -51 +44 -66 -39 +92)
(+1 +2 +3 +4 +5 +6 +7 +8 +9 +10 +11 +12 +13 +14 +15 +16 +17 +18 +19 +20 +21 +22 +23 +24 +25 +26 +27 +28 +29 +30 +31 +32 +33 +34 -84 -49 +42 +94 +100 +65 -103 -40 +67 -86 -37 +72 -50 -59 -58 +73 +105 +69 +96 -118 +45 -54 +36 +93 -102 +38 -70 -104 +43 -83 +74 -119 +97 -80 +68 +106 -55 -64 -89 -71 -117 +60 -63 -77 -87 -57 -107 +114 -61 +35 -90 +52 -108 +46 -62 +47 +124 +99 -113 +81 -91 -98 -76 -101 -112 -95 -88 -121 -109 -53 +79 -48 -85 +41 -115 +110 -78 +116 -111 +56 +122 +75 +123 +120 -82 -51 +44 -66 -39 +92)
(+1 +2 +3 +4 +5 +6 +7 +8 +9 +10 +11 +12 +13 +14 +15 +16 +17 +18 +19 +20 +21 +22 +23 +24 +25 +26 +27 +28 +29 +30 +31 +32 +33 +34 -35 +61 -114 +107 +57 +87 +77 +63 -60 +117 +71 +89 +64 +55 -106 -68 +80 -97 +119 -74 +83 -43 +104 +70 -38 +102 -93 -36 +54 -45 +118 -96 -69 -105 -73 +58 +59 +50 -72 +37 +86 -67 +40 +103 -65 -100 -94 -42 +49 +84 -90 +52 -108 +46 -62 +47 +124 +99 -113 +81 -91 -98 -76 -101 -112 -95 -88 -121 -109 -53 +79 -48 -85 +41 -115 +110 -78 +116 -111 +56 +122 +75 +123 +120 -82 -51 +44 -66 -39 +92)
(+1 +2 +3 +4 +5 +6 +7 +8 +9 +10 +11 +12 +13 +14 +15 +16 +17 +18 +19 +20 +21 +22 +23 +24 +25 +26 +27 +28 +29 +30 +31 +32 +33 +34 +35 +61 -114 +107 +57 +87 +77 +63 -60 +117 +71 +89 +64 +55 -106 -68 +80 -97 +119 -74 +83 -43 +104 +70 -38 +102 -93 -36 +54 -45 +118 -96 -69 -105 -73 +58 +59 +50 -72 +37 +86 -67 +40 +103 -65 -100 -94 -42 +49 +84 -90 +52 -108 +46 -62 +47 +124 +99 -113 +81 -91 -98 -76 -101 -112 -95 -88 -121 -109 -53 +79 -48 -85 +41 -115 +110 -78 +116 -111 +56 +122 +75 +123 +120 -82 -51 +44 -66 -39 +92)
(+1 +2 +3 +4 +5 +6 +7 +8 +9 +10 +11 +12 +13 +14 +15 +16 +17 +18 +19 +20 +21 +22 +23 +24 +25 +26 +27 +28 +29 +30 +31 +32 +33 +34 +35 +36 +93 -102 +38 -70 -104 +43 -83 +74 -119 +97 -80 +68 +106 -55 -64 -89 -71 -117 +60 -63 -77 -87 -57 -107 +114 -61 +54 -45 +118 -96 -69 -105 -73 +58 +59 +50 -72 +37 +86 -67 +40 +103 -65 -100 -94 -42 +49 +84 -90 +52 -108 +46 -62 +47 +124 +99 -113 +81 -91 -98 -76 -101 -112 -95 -88 -121 -109 -53 +79 -48 -85 +41 -115 +110 -78 +116 -111 +56 +122 +75 +123 +120 -82 -51 +44 -66 -39 +92)
(+1 +2 +3 +4 +5 +6 +7 +8 +9 +10 +11 +12 +13 +14 +15 +16 +17 +18 +19 +20 +21 +22 +23 +24 +25 +26 +27 +28 +29 +30 +31 +32 +33 +34 +35 +36 -37 +72 -50 -59 -58 +73 +105 +69 +96 -118 +45 -54 +61 -114 +107 +57 +87 +77 +63 -60 +117 +71 +89 +64 +55 -106 -68 +80 -97 +119 -74 +83 -43 +104 +70 -38 +102 -93 +86 -67 +40 +103 -65 -100 -94 -42 +49 +84 -90 +52 -108 +46 -62 +47 +124 +99 -113 +81 -91 -98 -76 -101 -112 -95 -88 -121 -109 -53 +79 -48 -85 +41 -115 +110 -78 +116 -111 +56 +122 +75 +123 +120 -82 -51 +44 -66 -39 +92)
(+1 +2 +3 +4 +5 +6 +7 +8 +9 +10 +11 +12 +13 +14 +15 +16 +17 +18 +19 +20 +21 +22 +23 +24 +25 +26 +27 +28 +29 +30 +31 +32 +33 +34 +35 +36 +37 +72 -50 -59 -58 +73 +105 +69 +96 -118 +45 -54 +61 -114 +107 +57 +87 +77 +63 -60 +117 +71 +89 +64 +55 -106 -68 +80 -97 +119 -74 +83 -43 +104 +70 -38 +102 -93 +86 -67 +40 +103 -65 -100 -94 -42 +49 +84 -90 +52 -108 +46 -62 +47 +124 +99 -113 +81 -91 -98 -76 -101 -112 -95 -88 -121 -109 -53 +79 -48 -85 +41 -115 +110 -78 +116 -111 +56 +122 +75 +123 +120 -82 -51 +44 -66 -39 +92)
(+1 +2 +3 +4 +5 +6 +7 +8 +9 +10 +11 +12 +13 +14 +15 +16 +17 +18 +19 +20 +21 +22 +23 +24 +25 +26 +27 +28 +29 +30 +31 +32 +33 +34 +35 +36 +37 +38 -70 -104 +43 -83 +74 -119 +97 -80 +68 +106 -55 -64 -89 -71 -117 +60 -63 -77 -87 -57 -107 +114 -61 +54 -45 +118 -96 -69 -105 -73 +58 +59 +50 -72 +102 -93 +86 -67 +40 +103 -65 -100 -94 -42 +49 +84 -90 +52 -108 +46 -62 +47 +124 +99 -113 +81 -91 -98 -76 -101 -112 -95 -88 -121 -109 -53 +79 -48 -85 +41 -115 +110 -78 +116 -111 +56 +122 +75 +123 +120 -82 -51 +44 -66 -39 +92)
(+1 +2 +3 +4 +5 +6 +7 +8 +9 +10 +11 +12 +13 +14 +15 +16 +17 +18 +19 +20 +21 +22 +23 +24 +25 +26 +27 +28 +29 +30 +31 +32 +33 +34 +35 +36 +37 +38 +39 +66 -44 +51 +82 -120 -123 -75 -122 -56 +111 -116 +78 -110 +115 -41 +85 +48 -79 +53 +109 +121 +88 +95 +112 +101 +76 +98 +91 -81 +113 -99 -124 -47 +62 -46 +108 -52 +90 -84 -49 +42 +94 +100 +65 -103 -40 +67 -86 +93 -102 +72 -50 -59 -58 +73 +105 +69 +96 -118 +45 -54 +61 -114 +107 +57 +87 +77 +63 -60 +117 +71 +89 +64 +55 -106 -68 +80 -97 +119 -74 +83 -43 +104 +70 +92)
(+1 +2 +3 +4 +5 +6 +7 +8 +9 +10 +11 +12 +13 +14 +15 +16 +17 +18 +19 +20 +21 +22 +23 +24 +25 +26 +27 +28 +29 +30 +31 +32 +33 +34 +35 +36 +37 +38 +39 +40 +103 -65 -100 -94 -42 +49 +84 -90 +52 -108 +46 -62 +47 +124 +99 -113 +81 -91 -98 -76 -101 -112 -95 -88 -121 -109 -53 +79 -48 -85 +41 -115 +110 -78 +116 -111 +56 +122 +75 +123 +120 -82 -51 +44 -66 +67 -86 +93 -102 +72 -50 -59 -58 +73 +105 +69 +96 -118 +45 -54 +61 -114 +107 +57 +87 +77 +63 -60 +117 +71 +89 +64 +55 -106 -68 +80 -97 +119 -74 +83 -43 +104 +70 +92)
(+1 +2 +3 +4 +5 +6 +7 +8 +9 +10 +11 +12 +13 +14 +15 +16 +17 +18 +19 +20 +21 +22 +23 +24 +25 +26 +27 +28 +29 +30 +31 +32 +33 +34 +35 +36 +37 +38 +39 +40 -41 +85 +48 -79 +53 +109 +121 +88 +95 +112 +101 +76 +98 +91 -81 +113 -99 -124 -47 +62 -46 +108 -52 +90 -84 -49 +42 +94 +100 +65 -103 -115 +110 -78 +116 -111 +56 +122 +75 +123 +120 -82 -51 +44 -66 +67 -86 +93 -102 +72 -50 -59 -58 +73 +105 +69 +96 -118 +45 -54 +61 -114 +107 +57 +87 +77 +63 -60 +117 +71 +89 +64 +55 -106 -68 +80 -97 +119 -74 +83 -43 +104 +70 +92)
(+1 +2 +3 +4 +5 +6 +7 +8 +9 +10 +11 +12 +13 +14 +15 +16 +17 +18 +19 +20 +21 +22 +23 +24 +25 +26 +27 +28 +29 +30 +31 +32 +33 +34 +35 +36 +37 +38 +39 +40 +41 +85 +48 -79 +53 +109 +121 +88 +95 +112 +101 +76 +98 +91 -81 +113 -99 -124 -47 +62 -46 +108 -52 +90 -84 -49 +42 +94 +100 +65 -103 -115 +110 -78 +116 -111 +56 +122 +75 +123 +120 -82 -51 +44 -66 +67 -86 +93 -102 +72 -50 -59 -58 +73 +105 +69 +96 -118 +45 -54 +61 -114 +107 +57 +87 +77 +63 -60 +117 +71 +89 +64 +55 -106 -68 +80 -97 +119 -74 +83 -43 +104 +70 +92)
(+1 +2 +3 +4 +5 +6 +7 +8 +9 +10 +11 +12 +13 +14 +15 +16 +17 +18 +19 +20 +21 +22 +23 +24 +25 +26 +27 +28 +29 +30 +31 +32 +33 +34 +35 +36 +37 +38 +39 +40 +41 -42 +49 +84 -90 +52 -108 +46 -62 +47 +124 +99 -113 +81 -91 -98 -76 -101 -112 -95 -88 -121 -109 -53 +79 -48 -85 +94 +100 +65 -103 -115 +110 -78 +116 -111 +56 +122 +75 +123 +120 -82 -51 +44 -66 +67 -86 +93 -102 +72 -50 -59 -58 +73 +105 +69 +96 -118 +45 -54 +61 -114 +107 +57 +87 +77 +63 -60 +117 +71 +89 +64 +55 -106 -68 +80 -97 +119 -74 +83 -43 +104 +70 +92)
(+1 +2 +3 +4 +5 +6 +7 +8 +9 +10 +11 +12 +13 +14 +15 +16 +17 +18 +19 +20 +21 +22 +23 +24 +25 +26 +27 +28 +29 +30 +31 +32 +33 +34 +35 +36 +37 +38 +39 +40 +41 +42 +49 +84 -90 +52 -108 +46 -62 +47 +124 +99 -113 +81 -91 -98 -76 -101 -112 -95 -88 -121 -109 -53 +79 -48 -85 +94 +100 +65 -103 -115 +110 -78 +116 -111 +56 +122 +75 +123 +120 -82 -51 +44 -66 +67 -86 +93 -102 +72 -50 -59 -58 +73 +105 +69 +96 -118 +45 -54 +61 -114 +107 +57 +87 +77 +63 -60 +117 +71 +89 +64 +55 -106 -68 +80 -97 +119 -74 +83 -43 +104 +70 +92)
(+1 +2 +3 +4 +5 +6 +7 +8 +9 +10 +11 +12 +13 +14 +15 +16 +17 +18 +19 +20 +21 +22 +23 +24 +25 +26 +27 +28 +29 +30 +31 +32 +33 +34 +35 +36 +37 +38 +39 +40 +41 +42 +43 -83 +74 -119 +97 -80 +68 +106 -55 -64 -89 -71 -117 +60 -63 -77 -87 -57 -107 +114 -61 +54 -45 +118 -96 -69 -105 -73 +58 +59 +50 -72 +102 -93 +86 -67 +66 -44 +51 +82 -120 -123 -75 -122 -56 +111 -116 +78 -110 +115 +103 -65 -100 -94 +85 +48 -79 +53 +109 +121 +88 +95 +112 +101 +76 +98 +91 -81 +113 -99 -124 -47 +62 -46 +108 -52 +90 -84 -49 +104 +70 +92)
(+1 +2 +3 +4 +5 +6 +7 +8 +9 +10 +11 +12 +13 +14 +15 +16 +17 +18 +19 +20 +21 +22 +23 +24 +25 +26 +27 +28 +29 +30 +31 +32 +33 +34 +35 +36 +37 +38 +39 +40 +41 +42 +43 +44 -66 +67 -86 +93 -102 +72 -50 -59 -58 +73 +105 +69 +96 -118 +45 -54 +61 -114 +107 +57 +87 +77 +63 -60 +117 +71 +89 +64 +55 -106 -68 +80 -97 +119 -74 +83 +51 +82 -120 -123 -75 -122 -56 +111 -116 +78 -110 +115 +103 -65 -100 -94 +85 +48 -79 +53 +109 +121 +88 +95 +112 +101 +76 +98 +91 -81 +113 -99 -124 -47 +62 -46 +108 -52 +90 -84 -49 +104 +70 +92)
(+1 +2 +3 +4 +5 +6 +7 +8 +9 +10 +11 +12 +13 +14 +15 +16 +17 +18 +19 +20 +21 +22 +23 +24 +25 +26 +27 +28 +29 +30 +31 +32 +33 +34 +35 +36 +37 +38 +39 +40 +41 +42 +43 +44 -45 +118 -96 -69 -105 -73 +58 +59 +50 -72 +102 -93 +86 -67 +66 -54 +61 -114 +107 +57 +87 +77 +63 -60 +117 +71 +89 +64 +55 -106 -68 +80 -97 +119 -74 +83 +51 +82 -120 -123 -75 -122 -56 +111 -116 +78 -110 +115 +103 -65 -100 -94 +85 +48 -79 +53 +109 +121 +88 +95 +112 +101 +76 +98 +91 -81 +113 -99 -124 -47 +62 -46 +108 -52 +90 -84 -49 +104 +70 +92)
(+1 +2 +3 +4 +5 +6 +7 +8 +9 +10 +11 +12 +13 +14 +15 +16 +17 +18 +19 +20 +21 +22 +23 +24 +25 +26 +27 +28 +29 +30 +31 +32 +33 +34 +35 +36 +37 +38 +39 +40 +41 +42 +43 +44 +45 +118 -96 -69 -105 -73 +58 +59 +50 -72 +102 -93 +86 -67 +66 -54 +61 -114 +107 +57 +87 +77 +63 -60 +117 +71 +89 +64 +55 -106 -68 +80 -97 +119 -74 +83 +51 +82 -120 -123 -75 -122 -56 +111 -116 +78 -110 +115 +103 -65 -100 -94 +85 +48 -79 +53 +109 +121 +88 +95 +112 +101 +76 +98 +91 -81 +113 -99 -124 -47 +62 -46 +108 -52 +90 -84 -49 +104 +70 +92)
(+1 +2 +3 +4 +5 +6 +7 +8 +9 +10 +11 +12 +13 +14 +15 +16 +17 +18 +19 +20 +21 +22 +23 +24 +25 +26 +27 +28 +29 +30 +31 +32 +33 +34 +35 +36 +37 +38 +39 +40 +41 +42 +43 +44 +45 +46 -62 +47 +124 +99 -113 +81 -91 -98 -76 -101 -112 -95 -88 -121 -109 -53 +79 -48 -85 +94 +100 +65 -103 -115 +110 -78 +116 -111 +56 +122 +75 +123 +120 -82 -51 -83 +74 -119 +97 -80 +68 +106 -55 -64 -89 -71 -117 +60 -63 -77 -87 -57 -107 +114 -61 +54 -66 +67 -86 +93 -102 +72 -50 -59 -58 +73 +105 +69 +96 -118 +108 -52 +90 -84 -49 +104 +70 +92)
(+1 +2 +3 +4 +5 +6 +7 +8 +9 +10 +11 +12 +13 +14 +15 +16 +17 +18 +19 +20 +21 +22 +23 +24 +25 +26 +27 +28 +29 +30 +31 +32 +33 +34 +35 +36 +37 +38 +39 +40 +41 +42 +43 +44 +45 +46 -47 +62 +124 +99 -113 +81 -91 -98 -76 -101 -112 -95 -88 -121 -109 -53 +79 -48 -85 +94 +100 +65 -103 -115 +110 -78 +116 -111 +56 +122 +75 +123 +120 -82 -51 -83 +74 -119 +97 -80 +68 +106 -55 -64 -89 -71 -117 +60 -63 -77 -87 -57 -107 +114 -61 +54 -66 +67 -86 +93 -102 +72 -50 -59 -58 +73 +105 +69 +96 -118 +108 -52 +90 -84 -49 +104 +70 +92)
(+1 +2 +3 +4 +5 +6 +7 +8 +9 +10 +11 +12 +13 +14 +15 +16 +17 +18 +19 +20 +21 +22 +23 +24 +25 +26 +27 +28 +29 +30 +31 +32 +33 +34 +35 +36 +37 +38 +39 +40 +41 +42 +43 +44 +45 +46 +47 +62 +124 +99 -113 +81 -91 -98 -76 -101 -112 -95 -88 -121 -109 -53 +79 -48 -85 +94 +100 +65 -103 -115 +110 -78 +116 -111 +56 +122 +75 +123 +120 -82 -51 -83 +74 -119 +97 -80 +68 +106 -55 -64 -89 -71 -117 +60 -63 -77 -87 -57 -107 +114 -61 +54 -66 +67 -86 +93 -102 +72 -50 -59 -58 +73 +105 +69 +96 -118 +108 -52 +90 -84 -49 +104 +70 +92)
(+1 +2 +3 +4 +5 +6 +7 +8 +9 +10 +11 +12 +13 +14 +15 +16 +17 +18 +19 +20 +21 +22 +23 +24 +25 +26 +27 +28 +29 +30 +31 +32 +33 +34 +35 +36 +37 +38 +39 +40 +41 +42 +43 +44 +45 +46 +47 +48 -79 +53 +109 +121 +88 +95 +112 +101 +76 +98 +91 -81 +113 -99 -124 -62 -85 +94 +100 +65 -103 -115 +110 -78 +116 -111 +56 +122 +75 +123 +120 -82 -51 -83 +74 -119 +97 -80 +68 +106 -55 -64 -89 -71 -117 +60 -63 -77 -87 -57 -107 +114 -61 +54 -66 +67 -86 +93 -102 +72 -50 -59 -58 +73 +105 +69 +96 -118 +108 -52 +90 -84 -49 +104 +70 +92)
(+1 +2 +3 +4 +5 +6 +7 +8 +9 +10 +11 +12 +13 +14 +15 +16 +17 +18 +19 +20 +21 +22 +23 +24 +25 +26 +27 +28 +29 +30 +31 +32 +33 +34 +35 +36 +37 +38 +39 +40 +41 +42 +43 +44 +45 +46 +47 +48 +49 +84 -90 +52 -108 +118 -96 -69 -105 -73 +58 +59 +50 -72 +102 -93 +86 -67 +66 -54 +61 -114 +107 +57 +87 +77 +63 -60 +117 +71 +89 +64 +55 -106 -68 +80 -97 +119 -74 +83 +51 +82 -120 -123 -75 -122 -56 +111 -116 +78 -110 +115 +103 -65 -100 -94 +85 +62 +124 +99 -113 +81 -91 -98 -76 -101 -112 -95 -88 -121 -109 -53 +79 +104 +70 +92)
(+1 +2 +3 +4 +5 +6 +7 +8 +9 +10 +11 +12 +13 +14 +15 +16 +17 +18 +19 +20 +21 +22 +23 +24 +25 +26 +27 +28 +29 +30 +31 +32 +33 +34 +35 +36 +37 +38 +39 +40 +41 +42 +43 +44 +45 +46 +47 +48 +49 -50 -59 -58 +73 +105 +69 +96 -118 +108 -52 +90 -84 -72 +102 -93 +86 -67 +66 -54 +61 -114 +107 +57 +87 +77 +63 -60 +117 +71 +89 +64 +55 -106 -68 +80 -97 +119 -74 +83 +51 +82 -120 -123 -75 -122 -56 +111 -116 +78 -110 +115 +103 -65 -100 -94 +85 +62 +124 +99 -113 +81 -91 -98 -76 -101 -112 -95 -88 -121 -109 -53 +79 +104 +70 +92)
(+1 +2 +3 +4 +5 +6 +7 +8 +9 +10 +11 +12 +13 +14 +15 +16 +17 +18 +19 +20 +21 +22 +23 +24 +25 +26 +27 +28 +29 +30 +31 +32 +33 +34 +35 +36 +37 +38 +39 +40 +41 +42 +43 +44 +45 +46 +47 +48 +49 +50 -59 -58 +73 +105 +69 +96 -118 +108 -52 +90 -84 -72 +102 -93 +86 -67 +66 -54 +61 -114 +107 +57 +87 +77 +63 -60 +117 +71 +89 +64 +55 -106 -68 +80 -97 +119 -74 +83 +51 +82 -120 -123 -75 -122 -56 +111 -116 +78 -110 +115 +103 -65 -100 -94 +85 +62 +124 +99 -113 +81 -91 -98 -76 -101 -112 -95 -88 -121 -109 -53 +79 +104 +70 +92)
(+1 +2 +3 +4 +5 +6 +7 +8 +9 +10 +11 +12 +13 +14 +15 +16 +17 +18 +19 +20 +21 +22 +23 +24 +25 +26 +27 +28 +29 +30 +31 +32 +33 +34 +35 +36 +37 +38 +39 +40 +41 +42 +43 +44 +45 +46 +47 +48 +49 +50 -51 -83 +74 -119 +97 -80 +68 +106 -55 -64 -89 -71 -117 +60 -63 -77 -87 -57 -107 +114 -61 +54 -66 +67 -86 +93 -102 +72 +84 -90 +52 -108 +118 -96 -69 -105 -73 +58 +59 +82 -120 -123 -75 -122 -56 +111 -116 +78 -110 +115 +103 -65 -100 -94 +85 +62 +124 +99 -113 +81 -91 -98 -76 -101 -112 -95 -88 -121 -109 -53 +79 +104 +70 +92)
(+1 +2 +3 +4 +5 +6 +7 +8 +9 +10 +11 +12 +13 +14 +15 +16 +17 +18 +19 +20 +21 +22 +23 +24 +25 +26 +27 +28 +29 +30 +31 +32 +33 +34 +35 +36 +37 +38 +39 +40 +41 +42 +43 +44 +45 +46 +47 +48 +49 +50 +51 -83 +74 -119 +97 -80 +68 +106 -55 -64 -89 -71 -117 +60 -63 -77 -87 -57 -107 +114 -61 +54 -66 +67 -86 +93 -102 +72 +84 -90 +52 -108 +118 -96 -69 -105 -73 +58 +59 +82 -120 -123 -75 -122 -56 +111 -116 +78 -110 +115 +103 -65 -100 -94 +85 +62 +124 +99 -113 +81 -91 -98 -76 -101 -112 -95 -88 -121 -109 -53 +79 +104 +70 +92)
(+1 +2 +3 +4 +5 +6 +7 +8 +9 +10 +11 +12 +13 +14 +15 +16 +17 +18 +19 +20 +21 +22 +23 +24 +25 +26 +27 +28 +29 +30 +31 +32 +33 +34 +35 +36 +37 +38 +39 +40 +41 +42 +43 +44 +45 +46 +47 +48 +49 +50 +51 -52 +90 -84 -72 +102 -93 +86 -67 +66 -54 +61 -114 +107 +57 +87 +77 +63 -60 +117 +71 +89 +64 +55 -106 -68 +80 -97 +119 -74 +83 -108 +118 -96 -69 -105 -73 +58 +59 +82 -120 -123 -75 -122 -56 +111 -116 +78 -110 +115 +103 -65 -100 -94 +85 +62 +124 +99 -113 +81 -91 -98 -76 -101 -112 -95 -88 -121 -109 -53 +79 +104 +70 +92)
(+1 +2 +3 +4 +5 +6 +7 +8 +9 +10 +11 +12 +13 +14 +15 +16 +17 +18 +19 +20 +21 +22 +23 +24 +25 +26 +27 +28 +29 +30 +31 +32 +33 +34 +35 +36 +37 +38 +39 +40 +41 +42 +43 +44 +45 +46 +47 +48 +49 +50 +51 +52 +90 -84 -72 +102 -93 +86 -67 +66 -54 +61 -114 +107 +57 +87 +77 +63 -60 +117 +71 +89 +64 +55 -106 -68 +80 -97 +119 -74 +83 -108 +118 -96 -69 -105 -73 +58 +59 +82 -120 -123 -75 -122 -56 +111 -116 +78 -110 +115 +103 -65 -100 -94 +85 +62 +124 +99 -113 +81 -91 -98 -76 -101 -112 -95 -88 -121 -109 -53 +79 +104 +70 +92)
(+1 +2 +3 +4 +5 +6 +7 +8 +9 +10 +11 +12 +13 +14 +15 +16 +17 +18 +19 +20 +21 +22 +23 +24 +25 +26 +27 +28 +29 +30 +31 +32 +33 +34 +35 +36 +37 +38 +39 +40 +41 +42 +43 +44 +45 +46 +47 +48 +49 +50 +51 +52 +53 +109 +121 +88 +95 +112 +101 +76 +98 +91 -81 +113 -99 -124 -62 -85 +94 +100 +65 -103 -115 +110 -78 +116 -111 +56 +122 +75 +123 +120 -82 -59 -58 +73 +105 +69 +96 -118 +108 -83 +74 -119 +97 -80 +68 +106 -55 -64 -89 -71 -117 +60 -63 -77 -87 -57 -107 +114 -61 +54 -66 +67 -86 +93 -102 +72 +84 -90 +79 +104 +70 +92)
(+1 +2 +3 +4 +5 +6 +7 +8 +9 +10 +11 +12 +13 +14 +15 +16 +17 +18 +19 +20 +21 +22 +23 +24 +25 +26 +27 +28 +29 +30 +31 +32 +33 +34 +35 +36 +37 +38 +39 +40 +41 +42 +43 +44 +45 +46 +47 +48 +49 +50 +51 +52 +53 -54 +61 -114 +107 +57 +87 +77 +63 -60 +117 +71 +89 +64 +55 -106 -68 +80 -97 +119 -74 +83 -108 +118 -96 -69 -105 -73 +58 +59 +82 -120 -123 -75 -122 -56 +111 -116 +78 -110 +115 +103 -65 -100 -94 +85 +62 +124 +99 -113 +81 -91 -98 -76 -101 -112 -95 -88 -121 -109 -66 +67 -86 +93 -102 +72 +84 -90 +79 +104 +70 +92)
(+1 +2 +3 +4 +5 +6 +7 +8 +9 +10 +11 +12 +13 +14 +15 +16 +17 +18 +19 +20 +21 +22 +23 +24 +25 +26 +27 +28 +29 +30 +31 +32 +33 +34 +35 +36 +37 +38 +39 +40 +41 +42 +43 +44 +45 +46 +47 +48 +49 +50 +51 +52 +53 +54 +61 -114 +107 +57 +87 +77 +63 -60 +117 +71 +89 +64 +55 -106 -68 +80 -97 +119 -74 +83 -108 +118 -96 -69 -105 -73 +58 +59 +82 -120 -123 -75 -122 -56 +111 -116 +78 -110 +115 +103 -65 -100 -94 +85 +62 +124 +99 -113 +81 -91 -98 -76 -101 -112 -95 -88 -121 -109 -66 +67 -86 +93 -102 +72 +84 -90 +79 +104 +70 +92)
(+1 +2 +3 +4 +5 +6 +7 +8 +9 +10 +11 +12 +13 +14 +15 +16 +17 +18 +19 +20 +21 +22 +23 +24 +25 +26 +27 +28 +29 +30 +31 +32 +33 +34 +35 +36 +37 +38 +39 +40 +41 +42 +43 +44 +45 +46 +47 +48 +49 +50 +51 +52 +53 +54 -55 -64 -89 -71 -117 +60 -63 -77 -87 -57 -107 +114 -61 -106 -68 +80 -97 +119 -74 +83 -108 +118 -96 -69 -105 -73 +58 +59 +82 -120 -123 -75 -122 -56 +111 -116 +78 -110 +115 +103 -65 -100 -94 +85 +62 +124 +99 -113 +81 -91 -98 -76 -101 -112 -95 -88 -121 -109 -66 +67 -86 +93 -102 +72 +84 -90 +79 +104 +70 +92)
(+1 +2 +3 +4 +5 +6 +7 +8 +9 +10 +11 +12 +13 +14 +15 +16 +17 +18 +19 +20 +21 +22 +23 +24 +25 +26 +27 +28 +29 +30 +31 +32 +33 +34 +35 +36 +37 +38 +39 +40 +41 +42 +43 +44 +45 +46 +47 +48 +49 +50 +51 +52 +53 +54 +55 -64 -89 -71 -117 +60 -63 -77 -87 -57 -107 +114 -61 -106 -68 +80 -97 +119 -74 +83 -108 +118 -96 -69 -105 -73 +58 +59 +82 -120 -123 -75 -122 -56 +111 -116 +78 -110 +115 +103 -65 -100 -94 +85 +62 +124 +99 -113 +81 -91 -98 -76 -101 -112 -95 -88 -121 -109 -66 +67 -86 +93 -102 +72 +84 -90 +79 +104 +70 +92)
(+1 +2 +3 +4 +5 +6 +7 +8 +9 +10 +11 +12 +13 +14 +15 +16 +17 +18 +19 +20 +21 +22 +23 +24 +25 +26 +27 +28 +29 +30 +31 +32 +33 +34 +35 +36 +37 +38 +39 +40 +41 +42 +43 +44 +45 +46 +47 +48 +49 +50 +51 +52 +53 +54 +55 +56 +122 +75 +123 +120 -82 -59 -58 +73 +105 +69 +96 -118 +108 -83 +74 -119 +97 -80 +68 +106 +61 -114 +107 +57 +87 +77 +63 -60 +117 +71 +89 +64 +111 -116 +78 -110 +115 +103 -65 -100 -94 +85 +62 +124 +99 -113 +81 -91 -98 -76 -101 -112 -95 -88 -121 -109 -66 +67 -86 +93 -102 +72 +84 -90 +79 +104 +70 +92)
(+1 +2 +3 +4 +5 +6 +7 +8 +9 +10 +11 +12 +13 +14 +15 +16 +17 +18 +19 +20 +21 +22 +23 +24 +25 +26 +27 +28 +29 +30 +31 +32 +33 +34 +35 +36 +37 +38 +39 +40 +41 +42 +43 +44 +45 +46 +47 +48 +49 +50 +51 +52 +53 +54 +55 +56 -57 -107 +114 -61 -106 -68 +80 -97 +119 -74 +83 -108 +118 -96 -69 -105 -73 +58 +59 +82 -120 -123 -75 -122 +87 +77 +63 -60 +117 +71 +89 +64 +111 -116 +78 -110 +115 +103 -65 -100 -94 +85 +62 +124 +99 -113 +81 -91 -98 -76 -101 -112 -95 -88 -121 -109 -66 +67 -86 +93 -102 +72 +84 -90 +79 +104 +70 +92)
(+1 +2 +3 +4 +5 +6 +7 +8 +9 +10 +11 +12 +13 +14 +15 +16 +17 +18 +19 +20 +21 +22 +23 +24 +25 +26 +27 +28 +29 +30 +31 +32 +33 +34 +35 +36 +37 +38 +39 +40 +41 +42 +43 +44 +45 +46 +47 +48 +49 +50 +51 +52 +53 +54 +55 +56 +57 -107 +114 -61 -106 -68 +80 -97 +119 -74 +83 -108 +118 -96 -69 -105 -73 +58 +59 +82 -120 -123 -75 -122 +87 +77 +63 -60 +117 +71 +89 +64 +111 -116 +78 -110 +115 +103 -65 -100 -94 +85 +62 +124 +99 -113 +81 -91 -98 -76 -101 -112 -95 -88 -121 -109 -66 +67 -86 +93 -102 +72 +84 -90 +79 +104 +70 +92)
(+1 +2 +3 +4 +5 +6 +7 +8 +9 +10 +11 +12 +13 +14 +15 +16 +17 +18 +19 +20 +21 +22 +23 +24 +25 +26 +27 +28 +29 +30 +31 +32 +33 +34 +35 +36 +37 +38 +39 +40 +41 +42 +43 +44 +45 +46 +47 +48 +49 +50 +51 +52 +53 +54 +55 +56 +57 -58 +73 +105 +69 +96 -118 +108 -83 +74 -119 +97 -80 +68 +106 +61 -114 +107 +59 +82 -120 -123 -75 -122 +87 +77 +63 -60 +117 +71 +89 +64 +111 -116 +78 -110 +115 +103 -65 -100 -94 +85 +62 +124 +99 -113 +81 -91 -98 -76 -101 -112 -95 -88 -121 -109 -66 +67 -86 +93 -102 +72 +84 -90 +79 +104 +70 +92)
(+1 +2 +3 +4 +5 +6 +7 +8 +9 +10 +11 +12 +13 +14 +15 +16 +17 +18 +19 +20 +21 +22 +23 +24 +25 +26 +27 +28 +29 +30 +31 +32 +33 +34 +35 +36 +37 +38 +39 +40 +41 +42 +43 +44 +45 +46 +47 +48 +49 +50 +51 +52 +53 +54 +55 +56 +57 +58 +73 +105 +69 +96 -118 +108 -83 +74 -119 +97 -80 +68 +106 +61 -114 +107 +59 +82 -120 -123 -75 -122 +87 +77 +63 -60 +117 +71 +89 +64 +111 -116 +78 -110 +115 +103 -65 -100 -94 +85 +62 +124 +99 -113 +81 -91 -98 -76 -101 -112 -95 -88 -121 -109 -66 +67 -86 +93 -102 +72 +84 -90 +79 +104 +70 +92)
(+1 +2 +3 +4 +5 +6 +7 +8 +9 +10 +11 +12 +13 +14 +15 +16 +17 +18 +19 +20 +21 +22 +23 +24 +25 +26 +27 +28 +29 +30 +31 +32 +33 +34 +35 +36 +37 +38 +39 +40 +41 +42 +43 +44 +45 +46 +47 +48 +49 +50 +51 +52 +53 +54 +55 +56 +57 +58 -59 -107 +114 -61 -106 -68 +80 -97 +119 -74 +83 -108 +118 -96 -69 -105 -73 +82 -120 -123 -75 -122 +87 +77 +63 -60 +117 +71 +89 +64 +111 -116 +78 -110 +115 +103 -65 -100 -94 +85 +62 +124 +99 -113 +81 -91 -98 -76 -101 -112 -95 -88 -121 -109 -66 +67 -86 +93 -102 +72 +84 -90 +79 +104 +70 +92)
(+1 +2 +3 +4 +5 +6 +7 +8 +9 +10 +11 +12 +13 +14 +15 +16 +17 +18 +19 +20 +21 +22 +23 +24 +25 +26 +27 +28 +29 +30 +31 +32 +33 +34 +35 +36 +37 +38 +39 +40 +41 +42 +43 +44 +45 +46 +47 +48 +49 +50 +51 +52 +53 +54 +55 +56 +57 +58 +59 -107 +114 -61 -106 -68 +80 -97 +119 -74 +83 -108 +118 -96 -69 -105 -73 +82 -120 -123 -75 -122 +87 +77 +63 -60 +117 +71 +89 +64 +111 -116 +78 -110 +115 +103 -65 -100 -94 +85 +62 +124 +99 -113 +81 -91 -98 -76 -101 -112 -95 -88 -121 -109 -66 +67 -86 +93 -102 +72 +84 -90 +79 +104 +70 +92)
(+1 +2 +3 +4 +5 +6 +7 +8 +9 +10 +11 +12 +13 +14 +15 +16 +17 +18 +19 +20 +21 +22 +23 +24 +25 +26 +27 +28 +29 +30 +31 +32 +33 +34 +35 +36 +37 +38 +39 +40 +41 +42 +43 +44 +45 +46 +47 +48 +49 +50 +51 +52 +53 +54 +55 +56 +57 +58 +59 +60 -63 -77 -87 +122 +75 +123 +120 -82 +73 +105 +69 +96 -118 +108 -83 +74 -119 +97 -80 +68 +106 +61 -114 +107 +117 +71 +89 +64 +111 -116 +78 -110 +115 +103 -65 -100 -94 +85 +62 +124 +99 -113 +81 -91 -98 -76 -101 -112 -95 -88 -121 -109 -66 +67 -86 +93 -102 +72 +84 -90 +79 +104 +70 +92)
(+1 +2 +3 +4 +5 +6 +7 +8 +9 +10 +11 +12 +13 +14 +15 +16 +17 +18 +19 +20 +21 +22 +23 +24 +25 +26 +27 +28 +29 +30 +31 +32 +33 +34 +35 +36 +37 +38 +39 +40 +41 +42 +43 +44 +45 +46 +47 +48 +49 +50 +51 +52 +53 +54 +55 +56 +57 +58 +59 +60 -61 -106 -68 +80 -97 +119 -74 +83 -108 +118 -96 -69 -105 -73 +82 -120 -123 -75 -122 +87 +77 +63 -114 +107 +117 +71 +89 +64 +111 -116 +78 -110 +115 +103 -65 -100 -94 +85 +62 +124 +99 -113 +81 -91 -98 -76 -101 -112 -95 -88 -121 -109 -66 +67 -86 +93 -102 +72 +84 -90 +79 +104 +70 +92)
(+1 +2 +3 +4 +5 +6 +7 +8 +9 +10 +11 +12 +13 +14 +15 +16 +17 +18 +19 +20 +21 +22 +23 +24 +25 +26 +27 +28 +29 +30 +31 +32 +33 +34 +35 +36 +37 +38 +39 +40 +41 +42 +43 +44 +45 +46 +47 +48 +49 +50 +51 +52 +53 +54 +55 +56 +57 +58 +59 +60 +61 -106 -68 +80 -97 +119 -74 +83 -108 +118 -96 -69 -105 -73 +82 -120 -123 -75 -122 +87 +77 +63 -114 +107 +117 +71 +89 +64 +111 -116 +78 -110 +115 +103 -65 -100 -94 +85 +62 +124 +99 -113 +81 -91 -98 -76 -101 -112 -95 -88 -121 -109 -66 +67 -86 +93 -102 +72 +84 -90 +79 +104 +70 +92)
(+1 +2 +3 +4 +5 +6 +7 +8 +9 +10 +11 +12 +13 +14 +15 +16 +17 +18 +19 +20 +21 +22 +23 +24 +25 +26 +27 +28 +29 +30 +31 +32 +33 +34 +35 +36 +37 +38 +39 +40 +41 +42 +43 +44 +45 +46 +47 +48 +49 +50 +51 +52 +53 +54 +55 +56 +57 +58 +59 +60 +61 -62 -85 +94 +100 +65 -103 -115 +110 -78 +116 -111 -64 -89 -71 -117 -107 +114 -63 -77 -87 +122 +75 +123 +120 -82 +73 +105 +69 +96 -118 +108 -83 +74 -119 +97 -80 +68 +106 +124 +99 -113 +81 -91 -98 -76 -101 -112 -95 -88 -121 -109 -66 +67 -86 +93 -102 +72 +84 -90 +79 +104 +70 +92)
(+1 +2 +3 +4 +5 +6 +7 +8 +9 +10 +11 +12 +13 +14 +15 +16 +17 +18 +19 +20 +21 +22 +23 +24 +25 +26 +27 +28 +29 +30 +31 +32 +33 +34 +35 +36 +37 +38 +39 +40 +41 +42 +43 +44 +45 +46 +47 +48 +49 +50 +51 +52 +53 +54 +55 +56 +57 +58 +59 +60 +61 +62 -85 +94 +100 +65 -103 -115 +110 -78 +116 -111 -64 -89 -71 -117 -107 +114 -63 -77 -87 +122 +75 +123 +120 -82 +73 +105 +69 +96 -118 +108 -83 +74 -119 +97 -80 +68 +106 +124 +99 -113 +81 -91 -98 -76 -101 -112 -95 -88 -121 -109 -66 +67 -86 +93 -102 +72 +84 -90 +79 +104 +70 +92)
(+1 +2 +3 +4 +5 +6 +7 +8 +9 +10 +11 +12 +13 +14 +15 +16 +17 +18 +19 +20 +21 +22 +23 +24 +25 +26 +27 +28 +29 +30 +31 +32 +33 +34 +35 +36 +37 +38 +39 +40 +41 +42 +43 +44 +45 +46 +47 +48 +49 +50 +51 +52 +53 +54 +55 +56 +57 +58 +59 +60 +61 +62 +63 -114 +107 +117 +71 +89 +64 +111 -116 +78 -110 +115 +103 -65 -100 -94 +85 -77 -87 +122 +75 +123 +120 -82 +73 +105 +69 +96 -118 +108 -83 +74 -119 +97 -80 +68 +106 +124 +99 -113 +81 -91 -98 -76 -101 -112 -95 -88 -121 -109 -66 +67 -86 +93 -102 +72 +84 -90 +79 +104 +70 +92)
(+1 +2 +3 +4 +5 +6 +7 +8 +9 +10 +11 +12 +13 +14 +15 +16 +17 +18 +19 +20 +21 +22 +23 +24 +25 +26 +27 +28 +29 +30 +31 +32 +33 +34 +35 +36 +37 +38 +39 +40 +41 +42 +43 +44 +45 +46 +47 +48 +49 +50 +51 +52 +53 +54 +55 +56 +57 +58 +59 +60 +61 +62 +63 -64 -89 -71 -117 -107 +114 +111 -116 +78 -110 +115 +103 -65 -100 -94 +85 -77 -87 +122 +75 +123 +120 -82 +73 +105 +69 +96 -118 +108 -83 +74 -119 +97 -80 +68 +106 +124 +99 -113 +81 -91 -98 -76 -101 -112 -95 -88 -121 -109 -66 +67 -86 +93 -102 +72 +84 -90 +79 +104 +70 +92)
(+1 +2 +3 +4 +5 +6 +7 +8 +9 +10 +11 +12 +13 +14 +15 +16 +17 +18 +19 +20 +21 +22 +23 +24 +25 +26 +27 +28 +29 +30 +31 +32 +33 +34 +35 +36 +37 +38 +39 +40 +41 +42 +43 +44 +45 +46 +47 +48 +49 +50 +51 +52 +53 +54 +55 +56 +57 +58 +59 +60 +61 +62 +63 +64 -89 -71 -117 -107 +114 +111 -116 +78 -110 +115 +103 -65 -100 -94 +85 -77 -87 +122 +75 +123 +120 -82 +73 +105 +69 +96 -118 +108 -83 +74 -119 +97 -80 +68 +106 +124 +99 -113 +81 -91 -98 -76 -101 -112 -95 -88 -121 -109 -66 +67 -86 +93 -102 +72 +84 -90 +79 +104 +70 +92)
(+1 +2 +3 +4 +5 +6 +7 +8 +9 +10 +11 +12 +13 +14 +15 +16 +17 +18 +19 +20 +21 +22 +23 +24 +25 +26 +27 +28 +29 +30 +31 +32 +33 +34 +35 +36 +37 +38 +39 +40 +41 +42 +43 +44 +45 +46 +47 +48 +49 +50 +51 +52 +53 +54 +55 +56 +57 +58 +59 +60 +61 +62 +63 +64 +65 -103 -115 +110 -78 +116 -111 -114 +107 +117 +71 +89 -100 -94 +85 -77 -87 +122 +75 +123 +120 -82 +73 +105 +69 +96 -118 +108 -83 +74 -119 +97 -80 +68 +106 +124 +99 -113 +81 -91 -98 -76 -101 -112 -95 -88 -121 -109 -66 +67 -86 +93 -102 +72 +84 -90 +79 +104 +70 +92)
(+1 +2 +3 +4 +5 +6 +7 +8 +9 +10 +11 +12 +13 +14 +15 +16 +17 +18 +19 +20 +21 +22 +23 +24 +25 +26 +27 +28 +29 +30 +31 +32 +33 +34 +35 +36 +37 +38 +39 +40 +41 +42 +43 +44 +45 +46 +47 +48 +49 +50 +51 +52 +53 +54 +55 +56 +57 +58 +59 +60 +61 +62 +63 +64 +65 +66 +109 +121 +88 +95 +112 +101 +76 +98 +91 -81 +113 -99 -124 -106 -68 +80 -97 +119 -74 +83 -108 +118 -96 -69 -105 -73 +82 -120 -123 -75 -122 +87 +77 -85 +94 +100 -89 -71 -117 -107 +114 +111 -116 +78 -110 +115 +103 +67 -86 +93 -102 +72 +84 -90 +79 +104 +70 +92)
(+1 +2 +3 +4 +5 +6 +7 +8 +9 +10 +11 +12 +13 +14 +15 +16 +17 +18 +19 +20 +21 +22 +23 +24 +25 +26 +27 +28 +29 +30 +31 +32 +33 +34 +35 +36 +37 +38 +39 +40 +41 +42 +43 +44 +45 +46 +47 +48 +49 +50 +51 +52 +53 +54 +55 +56 +57 +58 +59 +60 +61 +62 +63 +64 +65 +66 -67 -103 -115 +110 -78 +116 -111 -114 +107 +117 +71 +89 -100 -94 +85 -77 -87 +122 +75 +123 +120 -82 +73 +105 +69 +96 -118 +108 -83 +74 -119 +97 -80 +68 +106 +124 +99 -113 +81 -91 -98 -76 -101 -112 -95 -88 -121 -109 -86 +93 -102 +72 +84 -90 +79 +104 +70 +92)
(+1 +2 +3 +4 +5 +6 +7 +8 +9 +10 +11 +12 +13 +14 +15 +16 +17 +18 +19 +20 +21 +22 +23 +24 +25 +26 +27 +28 +29 +30 +31 +32 +33 +34 +35 +36 +37 +38 +39 +40 +41 +42 +43 +44 +45 +46 +47 +48 +49 +50 +51 +52 +53 +54 +55 +56 +57 +58 +59 +60 +61 +62 +63 +64 +65 +66 +67 -103 -115 +110 -78 +116 -111 -114 +107 +117 +71 +89 -100 -94 +85 -77 -87 +122 +75 +123 +120 -82 +73 +105 +69 +96 -118 +108 -83 +74 -119 +97 -80 +68 +106 +124 +99 -113 +81 -91 -98 -76 -101 -112 -95 -88 -121 -109 -86 +93 -102 +72 +84 -90 +79 +104 +70 +92)
(+1 +2 +3 +4 +5 +6 +7 +8 +9 +10 +11 +12 +13 +14 +15 +16 +17 +18 +19 +20 +21 +22 +23 +24 +25 +26 +27 +28 +29 +30 +31 +32 +33 +34 +35 +36 +37 +38 +39 +40 +41 +42 +43 +44 +45 +46 +47 +48 +49 +50 +51 +52 +53 +54 +55 +56 +57 +58 +59 +60 +61 +62 +63 +64 +65 +66 +67 -68 +80 -97 +119 -74 +83 -108 +118 -96 -69 -105 -73 +82 -120 -123 -75 -122 +87 +77 -85 +94 +100 -89 -71 -117 -107 +114 +111 -116 +78 -110 +115 +103 +106 +124 +99 -113 +81 -91 -98 -76 -101 -112 -95 -88 -121 -109 -86 +93 -102 +72 +84 -90 +79 +104 +70 +92)
(+1 +2 +3 +4 +5 +6 +7 +8 +9 +10 +11 +12 +13 +14 +15 +16 +17 +18 +19 +20 +21 +22 +23 +24 +25 +26 +27 +28 +29 +30 +31 +32 +33 +34 +35 +36 +37 +38 +39 +40 +41 +42 +43 +44 +45 +46 +47 +48 +49 +50 +51 +52 +53 +54 +55 +56 +57 +58 +59 +60 +61 +62 +63 +64 +65 +66 +67 +68 +80 -97 +119 -74 +83 -108 +118 -96 -69 -105 -73 +82 -120 -123 -75 -122 +87 +77 -85 +94 +100 -89 -71 -117 -107 +114 +111 -116 +78 -110 +115 +103 +106 +124 +99 -113 +81 -91 -98 -76 -101 -112 -95 -88 -121 -109 -86 +93 -102 +72 +84 -90 +79 +104 +70 +92)
(+1 +2 +3 +4 +5 +6 +7 +8 +9 +10 +11 +12 +13 +14 +15 +16 +17 +18 +19 +20 +21 +22 +23 +24 +25 +26 +27 +28 +29 +30 +31 +32 +33 +34 +35 +36 +37 +38 +39 +40 +41 +42 +43 +44 +45 +46 +47 +48 +49 +50 +51 +52 +53 +54 +55 +56 +57 +58 +59 +60 +61 +62 +63 +64 +65 +66 +67 +68 +69 +96 -118 +108 -83 +74 -119 +97 -80 -105 -73 +82 -120 -123 -75 -122 +87 +77 -85 +94 +100 -89 -71 -117 -107 +114 +111 -116 +78 -110 +115 +103 +106 +124 +99 -113 +81 -91 -98 -76 -101 -112 -95 -88 -121 -109 -86 +93 -102 +72 +84 -90 +79 +104 +70 +92)
(+1 +2 +3 +4 +5 +6 +7 +8 +9 +10 +11 +12 +13 +14 +15 +16 +17 +18 +19 +20 +21 +22 +23 +24 +25 +26 +27 +28 +29 +30 +31 +32 +33 +34 +35 +36 +37 +38 +39 +40 +41 +42 +43 +44 +45 +46 +47 +48 +49 +50 +51 +52 +53 +54 +55 +56 +57 +58 +59 +60 +61 +62 +63 +64 +65 +66 +67 +68 +69 -70 -104 -79 +90 -84 -72 +102 -93 +86 +109 +121 +88 +95 +112 +101 +76 +98 +91 -81 +113 -99 -124 -106 -103 -115 +110 -78 +116 -111 -114 +107 +117 +71 +89 -100 -94 +85 -77 -87 +122 +75 +123 +120 -82 +73 +105 +80 -97 +119 -74 +83 -108 +118 -96 +92)
(+1 +2 +3 +4 +5 +6 +7 +8 +9 +10 +11 +12 +13 +14 +15 +16 +17 +18 +19 +20 +21 +22 +23 +24 +25 +26 +27 +28 +29 +30 +31 +32 +33 +34 +35 +36 +37 +38 +39 +40 +41 +42 +43 +44 +45 +46 +47 +48 +49 +50 +51 +52 +53 +54 +55 +56 +57 +58 +59 +60 +61 +62 +63 +64 +65 +66 +67 +68 +69 +70 -104 -79 +90 -84 -72 +102 -93 +86 +109 +121 +88 +95 +112 +101 +76 +98 +91 -81 +113 -99 -124 -106 -103 -115 +110 -78 +116 -111 -114 +107 +117 +71 +89 -100 -94 +85 -77 -87 +122 +75 +123 +120 -82 +73 +105 +80 -97 +119 -74 +83 -108 +118 -96 +92)
(+1 +2 +3 +4 +5 +6 +7 +8 +9 +10 +11 +12 +13 +14 +15 +16 +17 +18 +19 +20 +21 +22 +23 +24 +25 +26 +27 +28 +29 +30 +31 +32 +33 +34 +35 +36 +37 +38 +39 +40 +41 +42 +43 +44 +45 +46 +47 +48 +49 +50 +51 +52 +53 +54 +55 +56 +57 +58 +59 +60 +61 +62 +63 +64 +65 +66 +67 +68 +69 +70 -71 -117 -107 +114 +111 -116 +78 -110 +115 +103 +106 +124 +99 -113 +81 -91 -98 -76 -101 -112 -95 -88 -121 -109 -86 +93 -102 +72 +84 -90 +79 +104 +89 -100 -94 +85 -77 -87 +122 +75 +123 +120 -82 +73 +105 +80 -97 +119 -74 +83 -108 +118 -96 +92)
(+1 +2 +3 +4 +5 +6 +7 +8 +9 +10 +11 +12 +13 +14 +15 +16 +17 +18 +19 +20 +21 +22 +23 +24 +25 +26 +27 +28 +29 +30 +31 +32 +33 +34 +35 +36 +37 +38 +39 +40 +41 +42 +43 +44 +45 +46 +47 +48 +49 +50 +51 +52 +53 +54 +55 +56 +57 +58 +59 +60 +61 +62 +63 +64 +65 +66 +67 +68 +69 +70 +71 -117 -107 +114 +111 -116 +78 -110 +115 +103 +106 +124 +99 -113 +81 -91 -98 -76 -101 -112 -95 -88 -121 -109 -86 +93 -102 +72 +84 -90 +79 +104 +89 -100 -94 +85 -77 -87 +122 +75 +123 +120 -82 +73 +105 +80 -97 +119 -74 +83 -108 +118 -96 +92)
(+1 +2 +3 +4 +5 +6 +7 +8 +9 +10 +11 +12 +13 +14 +15 +16 +17 +18 +19 +20 +21 +22 +23 +24 +25 +26 +27 +28 +29 +30 +31 +32 +33 +34 +35 +36 +37 +38 +39 +40 +41 +42 +43 +44 +45 +46 +47 +48 +49 +50 +51 +52 +53 +54 +55 +56 +57 +58 +59 +60 +61 +62 +63 +64 +65 +66 +67 +68 +69 +70 +71 -72 +102 -93 +86 +109 +121 +88 +95 +112 +101 +76 +98 +91 -81 +113 -99 -124 -106 -103 -115 +110 -78 +116 -111 -114 +107 +117 +84 -90 +79 +104 +89 -100 -94 +85 -77 -87 +122 +75 +123 +120 -82 +73 +105 +80 -97 +119 -74 +83 -108 +118 -96 +92)
(+1 +2 +3 +4 +5 +6 +7 +8 +9 +10 +11 +12 +13 +14 +15 +16 +17 +18 +19 +20 +21 +22 +23 +24 +25 +26 +27 +28 +29 +30 +31 +32 +33 +34 +35 +36 +37 +38 +39 +40 +41 +42 +43 +44 +45 +46 +47 +48 +49 +50 +51 +52 +53 +54 +55 +56 +57 +58 +59 +60 +61 +62 +63 +64 +65 +66 +67 +68 +69 +70 +71 +72 +102 -93 +86 +109 +121 +88 +95 +112 +101 +76 +98 +91 -81 +113 -99 -124 -106 -103 -115 +110 -78 +116 -111 -114 +107 +117 +84 -90 +79 +104 +89 -100 -94 +85 -77 -87 +122 +75 +123 +120 -82 +73 +105 +80 -97 +119 -74 +83 -108 +118 -96 +92)
(+1 +2 +3 +4 +5 +6 +7 +8 +9 +10 +11 +12 +13 +14 +15 +16 +17 +18 +19 +20 +21 +22 +23 +24 +25 +26 +27 +28 +29 +30 +31 +32 +33 +34 +35 +36 +37 +38 +39 +40 +41 +42 +43 +44 +45 +46 +47 +48 +49 +50 +51 +52 +53 +54 +55 +56 +57 +58 +59 +60 +61 +62 +63 +64 +65 +66 +67 +68 +69 +70 +71 +72 -73 +82 -120 -123 -75 -122 +87 +77 -85 +94 +100 -89 -104 -79 +90 -84 -117 -107 +114 +111 -116 +78 -110 +115 +103 +106 +124 +99 -113 +81 -91 -98 -76 -101 -112 -95 -88 -121 -109 -86 +93 -102 +105 +80 -97 +119 -74 +83 -108 +118 -96 +92)
(+1 +2 +3 +4 +5 +6 +7 +8 +9 +10 +11 +12 +13 +14 +15 +16 +17 +18 +19 +20 +21 +22 +23 +24 +25 +26 +27 +28 +29 +30 +31 +32 +33 +34 +35 +36 +37 +38 +39 +40 +41 +42 +43 +44 +45 +46 +47 +48 +49 +50 +51 +52 +53 +54 +55 +56 +57 +58 +59 +60 +61 +62 +63 +64 +65 +66 +67 +68 +69 +70 +71 +72 +73 +82 -120 -123 -75 -122 +87 +77 -85 +94 +100 -89 -104 -79 +90 -84 -117 -107 +114 +111 -116 +78 -110 +115 +103 +106 +124 +99 -113 +81 -91 -98 -76 -101 -112 -95 -88 -121 -109 -86 +93 -102 +105 +80 -97 +119 -74 +83 -108 +118 -96 +92)
(+1 +2 +3 +4 +5 +6 +7 +8 +9 +10 +11 +12 +13 +14 +15 +16 +17 +18 +19 +20 +21 +22 +23 +24 +25 +26 +27 +28 +29 +30 +31 +32 +33 +34 +35 +36 +37 +38 +39 +40 +41 +42 +43 +44 +45 +46 +47 +48 +49 +50 +51 +52 +53 +54 +55 +56 +57 +58 +59 +60 +61 +62 +63 +64 +65 +66 +67 +68 +69 +70 +71 +72 +73 +74 -119 +97 -80 -105 +102 -93 +86 +109 +121 +88 +95 +112 +101 +76 +98 +91 -81 +113 -99 -124 -106 -103 -115 +110 -78 +116 -111 -114 +107 +117 +84 -90 +79 +104 +89 -100 -94 +85 -77 -87 +122 +75 +123 +120 -82 +83 -108 +118 -96 +92)
(+1 +2 +3 +4 +5 +6 +7 +8 +9 +10 +11 +12 +13 +14 +15 +16 +17 +18 +19 +20 +21 +22 +23 +24 +25 +26 +27 +28 +29 +30 +31 +32 +33 +34 +35 +36 +37 +38 +39 +40 +41 +42 +43 +44 +45 +46 +47 +48 +49 +50 +51 +52 +53 +54 +55 +56 +57 +58 +59 +60 +61 +62 +63 +64 +65 +66 +67 +68 +69 +70 +71 +72 +73 +74 -75 -122 +87 +77 -85 +94 +100 -89 -104 -79 +90 -84 -117 -107 +114 +111 -116 +78 -110 +115 +103 +106 +124 +99 -113 +81 -91 -98 -76 -101 -112 -95 -88 -121 -109 -86 +93 -102 +105 +80 -97 +119 +123 +120 -82 +83 -108 +118 -96 +92)
(+1 +2 +3 +4 +5 +6 +7 +8 +9 +10 +11 +12 +13 +14 +15 +16 +17 +18 +19 +20 +21 +22 +23 +24 +25 +26 +27 +28 +29 +30 +31 +32 +33 +34 +35 +36 +37 +38 +39 +40 +41 +42 +43 +44 +45 +46 +47 +48 +49 +50 +51 +52 +53 +54 +55 +56 +57 +58 +59 +60 +61 +62 +63 +64 +65 +66 +67 +68 +69 +70 +71 +72 +73 +74 +75 -122 +87 +77 -85 +94 +100 -89 -104 -79 +90 -84 -117 -107 +114 +111 -116 +78 -110 +115 +103 +106 +124 +99 -113 +81 -91 -98 -76 -101 -112 -95 -88 -121 -109 -86 +93 -102 +105 +80 -97 +119 +123 +120 -82 +83 -108 +118 -96 +92)
(+1 +2 +3 +4 +5 +6 +7 +8 +9 +10 +11 +12 +13 +14 +15 +16 +17 +18 +19 +20 +21 +22 +23 +24 +25 +26 +27 +28 +29 +30 +31 +32 +33 +34 +35 +36 +37 +38 +39 +40 +41 +42 +43 +44 +45 +46 +47 +48 +49 +50 +51 +52 +53 +54 +55 +56 +57 +58 +59 +60 +61 +62 +63 +64 +65 +66 +67 +68 +69 +70 +71 +72 +73 +74 +75 +76 +98 +91 -81 +113 -99 -124 -106 -103 -115 +110 -78 +116 -111 -114 +107 +117 +84 -90 +79 +104 +89 -100 -94 +85 -77 -87 +122 -101 -112 -95 -88 -121 -109 -86 +93 -102 +105 +80 -97 +119 +123 +120 -82 +83 -108 +118 -96 +92)
(+1 +2 +3 +4 +5 +6 +7 +8 +9 +10 +11 +12 +13 +14 +15 +16 +17 +18 +19 +20 +21 +22 +23 +24 +25 +26 +27 +28 +29 +30 +31 +32 +33 +34 +35 +36 +37 +38 +39 +40 +41 +42 +43 +44 +45 +46 +47 +48 +49 +50 +51 +52 +53 +54 +55 +56 +57 +58 +59 +60 +61 +62 +63 +64 +65 +66 +67 +68 +69 +70 +71 +72 +73 +74 +75 +76 +77 -85 +94 +100 -89 -104 -79 +90 -84 -117 -107 +114 +111 -116 +78 -110 +115 +103 +106 +124 +99 -113 +81 -91 -98 -87 +122 -101 -112 -95 -88 -121 -109 -86 +93 -102 +105 +80 -97 +119 +123 +120 -82 +83 -108 +118 -96 +92)
(+1 +2 +3 +4 +5 +6 +7 +8 +9 +10 +11 +12 +13 +14 +15 +16 +17 +18 +19 +20 +21 +22 +23 +24 +25 +26 +27 +28 +29 +30 +31 +32 +33 +34 +35 +36 +37 +38 +39 +40 +41 +42 +43 +44 +45 +46 +47 +48 +49 +50 +51 +52 +53 +54 +55 +56 +57 +58 +59 +60 +61 +62 +63 +64 +65 +66 +67 +68 +69 +70 +71 +72 +73 +74 +75 +76 +77 -78 +116 -111 -114 +107 +117 +84 -90 +79 +104 +89 -100 -94 +85 -110 +115 +103 +106 +124 +99 -113 +81 -91 -98 -87 +122 -101 -112 -95 -88 -121 -109 -86 +93 -102 +105 +80 -97 +119 +123 +120 -82 +83 -108 +118 -96 +92)
(+1 +2 +3 +4 +5 +6 +7 +8 +9 +10 +11 +12 +13 +14 +15 +16 +17 +18 +19 +20 +21 +22 +23 +24 +25 +26 +27 +28 +29 +30 +31 +32 +33 +34 +35 +36 +37 +38 +39 +40 +41 +42 +43 +44 +45 +46 +47 +48 +49 +50 +51 +52 +53 +54 +55 +56 +57 +58 +59 +60 +61 +62 +63 +64 +65 +66 +67 +68 +69 +70 +71 +72 +73 +74 +75 +76 +77 +78 +116 -111 -114 +107 +117 +84 -90 +79 +104 +89 -100 -94 +85 -110 +115 +103 +106 +124 +99 -113 +81 -91 -98 -87 +122 -101 -112 -95 -88 -121 -109 -86 +93 -102 +105 +80 -97 +119 +123 +120 -82 +83 -108 +118 -96 +92)
(+1 +2 +3 +4 +5 +6 +7 +8 +9 +10 +11 +12 +13 +14 +15 +16 +17 +18 +19 +20 +21 +22 +23 +24 +25 +26 +27 +28 +29 +30 +31 +32 +33 +34 +35 +36 +37 +38 +39 +40 +41 +42 +43 +44 +45 +46 +47 +48 +49 +50 +51 +52 +53 +54 +55 +56 +57 +58 +59 +60 +61 +62 +63 +64 +65 +66 +67 +68 +69 +70 +71 +72 +73 +74 +75 +76 +77 +78 -79 +90 -84 -117 -107 +114 +111 -116 +104 +89 -100 -94 +85 -110 +115 +103 +106 +124 +99 -113 +81 -91 -98 -87 +122 -101 -112 -95 -88 -121 -109 -86 +93 -102 +105 +80 -97 +119 +123 +120 -82 +83 -108 +118 -96 +92)
(+1 +2 +3 +4 +5 +6 +7 +8 +9 +10 +11 +12 +13 +14 +15 +16 +17 +18 +19 +20 +21 +22 +23 +24 +25 +26 +27 +28 +29 +30 +31 +32 +33 +34 +35 +36 +37 +38 +39 +40 +41 +42 +43 +44 +45 +46 +47 +48 +49 +50 +51 +52 +53 +54 +55 +56 +57 +58 +59 +60 +61 +62 +63 +64 +65 +66 +67 +68 +69 +70 +71 +72 +73 +74 +75 +76 +77 +78 +79 +90 -84 -117 -107 +114 +111 -116 +104 +89 -100 -94 +85 -110 +115 +103 +106 +124 +99 -113 +81 -91 -98 -87 +122 -101 -112 -95 -88 -121 -109 -86 +93 -102 +105 +80 -97 +119 +123 +120 -82 +83 -108 +118 -96 +92)
(+1 +2 +3 +4 +5 +6 +7 +8 +9 +10 +11 +12 +13 +14 +15 +16 +17 +18 +19 +20 +21 +22 +23 +24 +25 +26 +27 +28 +29 +30 +31 +32 +33 +34 +35 +36 +37 +38 +39 +40 +41 +42 +43 +44 +45 +46 +47 +48 +49 +50 +51 +52 +53 +54 +55 +56 +57 +58 +59 +60 +61 +62 +63 +64 +65 +66 +67 +68 +69 +70 +71 +72 +73 +74 +75 +76 +77 +78 +79 -80 -105 +102 -93 +86 +109 +121 +88 +95 +112 +101 -122 +87 +98 +91 -81 +113 -99 -124 -106 -103 -115 +110 -85 +94 +100 -89 -104 +116 -111 -114 +107 +117 +84 -90 -97 +119 +123 +120 -82 +83 -108 +118 -96 +92)
(+1 +2 +3 +4 +5 +6 +7 +8 +9 +10 +11 +12 +13 +14 +15 +16 +17 +18 +19 +20 +21 +22 +23 +24 +25 +26 +27 +28 +29 +30 +31 +32 +33 +34 +35 +36 +37 +38 +39 +40 +41 +42 +43 +44 +45 +46 +47 +48 +49 +50 +51 +52 +53 +54 +55 +56 +57 +58 +59 +60 +61 +62 +63 +64 +65 +66 +67 +68 +69 +70 +71 +72 +73 +74 +75 +76 +77 +78 +79 +80 -105 +102 -93 +86 +109 +121 +88 +95 +112 +101 -122 +87 +98 +91 -81 +113 -99 -124 -106 -103 -115 +110 -85 +94 +100 -89 -104 +116 -111 -114 +107 +117 +84 -90 -97 +119 +123 +120 -82 +83 -108 +118 -96 +92)
(+1 +2 +3 +4 +5 +6 +7 +8 +9 +10 +11 +12 +13 +14 +15 +16 +17 +18 +19 +20 +21 +22 +23 +24 +25 +26 +27 +28 +29 +30 +31 +32 +33 +34 +35 +36 +37 +38 +39 +40 +41 +42 +43 +44 +45 +46 +47 +48 +49 +50 +51 +52 +53 +54 +55 +56 +57 +58 +59 +60 +61 +62 +63 +64 +65 +66 +67 +68 +69 +70 +71 +72 +73 +74 +75 +76 +77 +78 +79 +80 +81 -91 -98 -87 +122 -101 -112 -95 -88 -121 -109 -86 +93 -102 +105 +113 -99 -124 -106 -103 -115 +110 -85 +94 +100 -89 -104 +116 -111 -114 +107 +117 +84 -90 -97 +119 +123 +120 -82 +83 -108 +118 -96 +92)
(+1 +2 +3 +4 +5 +6 +7 +8 +9 +10 +11 +12 +13 +14 +15 +16 +17 +18 +19 +20 +21 +22 +23 +24 +25 +26 +27 +28 +29 +30 +31 +32 +33 +34 +35 +36 +37 +38 +39 +40 +41 +42 +43 +44 +45 +46 +47 +48 +49 +50 +51 +52 +53 +54 +55 +56 +57 +58 +59 +60 +61 +62 +63 +64 +65 +66 +67 +68 +69 +70 +71 +72 +73 +74 +75 +76 +77 +78 +79 +80 +81 +82 -120 -123 -119 +97 +90 -84 -117 -107 +114 +111 -116 +104 +89 -100 -94 +85 -110 +115 +103 +106 +124 +99 -113 -105 +102 -93 +86 +109 +121 +88 +95 +112 +101 -122 +87 +98 +91 +83 -108 +118 -96 +92)
(+1 +2 +3 +4 +5 +6 +7 +8 +9 +10 +11 +12 +13 +14 +15 +16 +17 +18 +19 +20 +21 +22 +23 +24 +25 +26 +27 +28 +29 +30 +31 +32 +33 +34 +35 +36 +37 +38 +39 +40 +41 +42 +43 +44 +45 +46 +47 +48 +49 +50 +51 +52 +53 +54 +55 +56 +57 +58 +59 +60 +61 +62 +63 +64 +65 +66 +67 +68 +69 +70 +71 +72 +73 +74 +75 +76 +77 +78 +79 +80 +81 +82 -83 -91 -98 -87 +122 -101 -112 -95 -88 -121 -109 -86 +93 -102 +105 +113 -99 -124 -106 -103 -115 +110 -85 +94 +100 -89 -104 +116 -111 -114 +107 +117 +84 -90 -97 +119 +123 +120 -108 +118 -96 +92)
(+1 +2 +3 +4 +5 +6 +7 +8 +9 +10 +11 +12 +13 +14 +15 +16 +17 +18 +19 +20 +21 +22 +23 +24 +25 +26 +27 +28 +29 +30 +31 +32 +33 +34 +35 +36 +37 +38 +39 +40 +41 +42 +43 +44 +45 +46 +47 +48 +49 +50 +51 +52 +53 +54 +55 +56 +57 +58 +59 +60 +61 +62 +63 +64 +65 +66 +67 +68 +69 +70 +71 +72 +73 +74 +75 +76 +77 +78 +79 +80 +81 +82 +83 -91 -98 -87 +122 -101 -112 -95 -88 -121 -109 -86 +93 -102 +105 +113 -99 -124 -106 -103 -115 +110 -85 +94 +100 -89 -104 +116 -111 -114 +107 +117 +84 -90 -97 +119 +123 +120 -108 +118 -96 +92)
(+1 +2 +3 +4 +5 +6 +7 +8 +9 +10 +11 +12 +13 +14 +15 +16 +17 +18 +19 +20 +21 +22 +23 +24 +25 +26 +27 +28 +29 +30 +31 +32 +33 +34 +35 +36 +37 +38 +39 +40 +41 +42 +43 +44 +45 +46 +47 +48 +49 +50 +51 +52 +53 +54 +55 +56 +57 +58 +59 +60 +61 +62 +63 +64 +65 +66 +67 +68 +69 +70 +71 +72 +73 +74 +75 +76 +77 +78 +79 +80 +81 +82 +83 -84 -117 -107 +114 +111 -116 +104 +89 -100 -94 +85 -110 +115 +103 +106 +124 +99 -113 -105 +102 -93 +86 +109 +121 +88 +95 +112 +101 -122 +87 +98 +91 -90 -97 +119 +123 +120 -108 +118 -96 +92)
(+1 +2 +3 +4 +5 +6 +7 +8 +9 +10 +11 +12 +13 +14 +15 +16 +17 +18 +19 +20 +21 +22 +23 +24 +25 +26 +27 +28 +29 +30 +31 +32 +33 +34 +35 +36 +37 +38 +39 +40 +41 +42 +43 +44 +45 +46 +47 +48 +49 +50 +51 +52 +53 +54 +55 +56 +57 +58 +59 +60 +61 +62 +63 +64 +65 +66 +67 +68 +69 +70 +71 +72 +73 +74 +75 +76 +77 +78 +79 +80 +81 +82 +83 +84 -117 -107 +114 +111 -116 +104 +89 -100 -94 +85 -110 +115 +103 +106 +124 +99 -113 -105 +102 -93 +86 +109 +121 +88 +95 +112 +101 -122 +87 +98 +91 -90 -97 +119 +123 +120 -108 +118 -96 +92)
(+1 +2 +3 +4 +5 +6 +7 +8 +9 +10 +11 +12 +13 +14 +15 +16 +17 +18 +19 +20 +21 +22 +23 +24 +25 +26 +27 +28 +29 +30 +31 +32 +33 +34 +35 +36 +37 +38 +39 +40 +41 +42 +43 +44 +45 +46 +47 +48 +49 +50 +51 +52 +53 +54 +55 +56 +57 +58 +59 +60 +61 +62 +63 +64 +65 +66 +67 +68 +69 +70 +71 +72 +73 +74 +75 +76 +77 +78 +79 +80 +81 +82 +83 +84 -85 +94 +100 -89 -104 +116 -111 -114 +107 +117 -110 +115 +103 +106 +124 +99 -113 -105 +102 -93 +86 +109 +121 +88 +95 +112 +101 -122 +87 +98 +91 -90 -97 +119 +123 +120 -108 +118 -96 +92)
(+1 +2 +3 +4 +5 +6 +7 +8 +9 +10 +11 +12 +13 +14 +15 +16 +17 +18 +19 +20 +21 +22 +23 +24 +25 +26 +27 +28 +29 +30 +31 +32 +33 +34 +35 +36 +37 +38 +39 +40 +41 +42 +43 +44 +45 +46 +47 +48 +49 +50 +51 +52 +53 +54 +55 +56 +57 +58 +59 +60 +61 +62 +63 +64 +65 +66 +67 +68 +69 +70 +71 +72 +73 +74 +75 +76 +77 +78 +79 +80 +81 +82 +83 +84 +85 +94 +100 -89 -104 +116 -111 -114 +107 +117 -110 +115 +103 +106 +124 +99 -113 -105 +102 -93 +86 +109 +121 +88 +95 +112 +101 -122 +87 +98 +91 -90 -97 +119 +123 +120 -108 +118 -96 +92)
(+1 +2 +3 +4 +5 +6 +7 +8 +9 +10 +11 +12 +13 +14 +15 +16 +17 +18 +19 +20 +21 +22 +23 +24 +25 +26 +27 +28 +29 +30 +31 +32 +33 +34 +35 +36 +37 +38 +39 +40 +41 +42 +43 +44 +45 +46 +47 +48 +49 +50 +51 +52 +53 +54 +55 +56 +57 +58 +59 +60 +61 +62 +63 +64 +65 +66 +67 +68 +69 +70 +71 +72 +73 +74 +75 +76 +77 +78 +79 +80 +81 +82 +83 +84 +85 -86 +93 -102 +105 +113 -99 -124 -106 -103 -115 +110 -117 -107 +114 +111 -116 +104 +89 -100 -94 +109 +121 +88 +95 +112 +101 -122 +87 +98 +91 -90 -97 +119 +123 +120 -108 +118 -96 +92)
(+1 +2 +3 +4 +5 +6 +7 +8 +9 +10 +11 +12 +13 +14 +15 +16 +17 +18 +19 +20 +21 +22 +23 +24 +25 +26 +27 +28 +29 +30 +31 +32 +33 +34 +35 +36 +37 +38 +39 +40 +41 +42 +43 +44 +45 +46 +47 +48 +49 +50 +51 +52 +53 +54 +55 +56 +57 +58 +59 +60 +61 +62 +63 +64 +65 +66 +67 +68 +69 +70 +71 +72 +73 +74 +75 +76 +77 +78 +79 +80 +81 +82 +83 +84 +85 +86 +93 -102 +105 +113 -99 -124 -106 -103 -115 +110 -117 -107 +114 +111 -116 +104 +89 -100 -94 +109 +121 +88 +95 +112 +101 -122 +87 +98 +91 -90 -97 +119 +123 +120 -108 +118 -96 +92)
(+1 +2 +3 +4 +5 +6 +7 +8 +9 +10 +11 +12 +13 +14 +15 +16 +17 +18 +19 +20 +21 +22 +23 +24 +25 +26 +27 +28 +29 +30 +31 +32 +33 +34 +35 +36 +37 +38 +39 +40 +41 +42 +43 +44 +45 +46 +47 +48 +49 +50 +51 +52 +53 +54 +55 +56 +57 +58 +59 +60 +61 +62 +63 +64 +65 +66 +67 +68 +69 +70 +71 +72 +73 +74 +75 +76 +77 +78 +79 +80 +81 +82 +83 +84 +85 +86 -87 +122 -101 -112 -95 -88 -121 -109 +94 +100 -89 -104 +116 -111 -114 +107 +117 -110 +115 +103 +106 +124 +99 -113 -105 +102 -93 +98 +91 -90 -97 +119 +123 +120 -108 +118 -96 +92)
(+1 +2 +3 +4 +5 +6 +7 +8 +9 +10 +11 +12 +13 +14 +15 +16 +17 +18 +19 +20 +21 +22 +23 +24 +25 +26 +27 +28 +29 +30 +31 +32 +33 +34 +35 +36 +37 +38 +39 +40 +41 +42 +43 +44 +45 +46 +47 +48 +49 +50 +51 +52 +53 +54 +55 +56 +57 +58 +59 +60 +61 +62 +63 +64 +65 +66 +67 +68 +69 +70 +71 +72 +73 +74 +75 +76 +77 +78 +79 +80 +81 +82 +83 +84 +85 +86 +87 +122 -101 -112 -95 -88 -121 -109 +94 +100 -89 -104 +116 -111 -114 +107 +117 -110 +115 +103 +106 +124 +99 -113 -105 +102 -93 +98 +91 -90 -97 +119 +123 +120 -108 +118 -96 +92)
(+1 +2 +3 +4 +5 +6 +7 +8 +9 +10 +11 +12 +13 +14 +15 +16 +17 +18 +19 +20 +21 +22 +23 +24 +25 +26 +27 +28 +29 +30 +31 +32 +33 +34 +35 +36 +37 +38 +39 +40 +41 +42 +43 +44 +45 +46 +47 +48 +49 +50 +51 +52 +53 +54 +55 +56 +57 +58 +59 +60 +61 +62 +63 +64 +65 +66 +67 +68 +69 +70 +71 +72 +73 +74 +75 +76 +77 +78 +79 +80 +81 +82 +83 +84 +85 +86 +87 +88 +95 +112 +101 -122 -121 -109 +94 +100 -89 -104 +116 -111 -114 +107 +117 -110 +115 +103 +106 +124 +99 -113 -105 +102 -93 +98 +91 -90 -97 +119 +123 +120 -108 +118 -96 +92)
(+1 +2 +3 +4 +5 +6 +7 +8 +9 +10 +11 +12 +13 +14 +15 +16 +17 +18 +19 +20 +21 +22 +23 +24 +25 +26 +27 +28 +29 +30 +31 +32 +33 +34 +35 +36 +37 +38 +39 +40 +41 +42 +43 +44 +45 +46 +47 +48 +49 +50 +51 +52 +53 +54 +55 +56 +57 +58 +59 +60 +61 +62 +63 +64 +65 +66 +67 +68 +69 +70 +71 +72 +73 +74 +75 +76 +77 +78 +79 +80 +81 +82 +83 +84 +85 +86 +87 +88 +89 -100 -94 +109 +121 +122 -101 -112 -95 -104 +116 -111 -114 +107 +117 -110 +115 +103 +106 +124 +99 -113 -105 +102 -93 +98 +91 -90 -97 +119 +123 +120 -108 +118 -96 +92)
(+1 +2 +3 +4 +5 +6 +7 +8 +9 +10 +11 +12 +13 +14 +15 +16 +17 +18 +19 +20 +21 +22 +23 +24 +25 +26 +27 +28 +29 +30 +31 +32 +33 +34 +35 +36 +37 +38 +39 +40 +41 +42 +43 +44 +45 +46 +47 +48 +49 +50 +51 +52 +53 +54 +55 +56 +57 +58 +59 +60 +61 +62 +63 +64 +65 +66 +67 +68 +69 +70 +71 +72 +73 +74 +75 +76 +77 +78 +79 +80 +81 +82 +83 +84 +85 +86 +87 +88 +89 +90 -91 -98 +93 -102 +105 +113 -99 -124 -106 -103 -115 +110 -117 -107 +114 +111 -116 +104 +95 +112 +101 -122 -121 -109 +94 +100 -97 +119 +123 +120 -108 +118 -96 +92)
(+1 +2 +3 +4 +5 +6 +7 +8 +9 +10 +11 +12 +13 +14 +15 +16 +17 +18 +19 +20 +21 +22 +23 +24 +25 +26 +27 +28 +29 +30 +31 +32 +33 +34 +35 +36 +37 +38 +39 +40 +41 +42 +43 +44 +45 +46 +47 +48 +49 +50 +51 +52 +53 +54 +55 +56 +57 +58 +59 +60 +61 +62 +63 +64 +65 +66 +67 +68 +69 +70 +71 +72 +73 +74 +75 +76 +77 +78 +79 +80 +81 +82 +83 +84 +85 +86 +87 +88 +89 +90 +91 -98 +93 -102 +105 +113 -99 -124 -106 -103 -115 +110 -117 -107 +114 +111 -116 +104 +95 +112 +101 -122 -121 -109 +94 +100 -97 +119 +123 +120 -108 +118 -96 +92)
(+1 +2 +3 +4 +5 +6 +7 +8 +9 +10 +11 +12 +13 +14 +15 +16 +17 +18 +19 +20 +21 +22 +23 +24 +25 +26 +27 +28 +29 +30 +31 +32 +33 +34 +35 +36 +37 +38 +39 +40 +41 +42 +43 +44 +45 +46 +47 +48 +49 +50 +51 +52 +53 +54 +55 +56 +57 +58 +59 +60 +61 +62 +63 +64 +65 +66 +67 +68 +69 +70 +71 +72 +73 +74 +75 +76 +77 +78 +79 +80 +81 +82 +83 +84 +85 +86 +87 +88 +89 +90 +91 -92 +96 -118 +108 -120 -123 -119 +97 -100 -94 +109 +121 +122 -101 -112 -95 -104 +116 -111 -114 +107 +117 -110 +115 +103 +106 +124 +99 -113 -105 +102 -93 +98)
(+1 +2 +3 +4 +5 +6 +7 +8 +9 +10 +11 +12 +13 +14 +15 +16 +17 +18 +19 +20 +21 +22 +23 +24 +25 +26 +27 +28 +29 +30 +31 +32 +33 +34 +35 +36 +37 +38 +39 +40 +41 +42 +43 +44 +45 +46 +47 +48 +49 +50 +51 +52 +53 +54 +55 +56 +57 +58 +59 +60 +61 +62 +63 +64 +65 +66 +67 +68 +69 +70 +71 +72 +73 +74 +75 +76 +77 +78 +79 +80 +81 +82 +83 +84 +85 +86 +87 +88 +89 +90 +91 +92 +96 -118 +108 -120 -123 -119 +97 -100 -94 +109 +121 +122 -101 -112 -95 -104 +116 -111 -114 +107 +117 -110 +115 +103 +106 +124 +99 -113 -105 +102 -93 +98)
(+1 +2 +3 +4 +5 +6 +7 +8 +9 +10 +11 +12 +13 +14 +15 +16 +17 +18 +19 +20 +21 +22 +23 +24 +25 +26 +27 +28 +29 +30 +31 +32 +33 +34 +35 +36 +37 +38 +39 +40 +41 +42 +43 +44 +45 +46 +47 +48 +49 +50 +51 +52 +53 +54 +55 +56 +57 +58 +59 +60 +61 +62 +63 +64 +65 +66 +67 +68 +69 +70 +71 +72 +73 +74 +75 +76 +77 +78 +79 +80 +81 +82 +83 +84 +85 +86 +87 +88 +89 +90 +91 +92 +93 -102 +105 +113 -99 -124 -106 -103 -115 +110 -117 -107 +114 +111 -116 +104 +95 +112 +101 -122 -121 -109 +94 +100 -97 +119 +123 +120 -108 +118 -96 +98)
(+1 +2 +3 +4 +5 +6 +7 +8 +9 +10 +11 +12 +13 +14 +15 +16 +17 +18 +19 +20 +21 +22 +23 +24 +25 +26 +27 +28 +29 +30 +31 +32 +33 +34 +35 +36 +37 +38 +39 +40 +41 +42 +43 +44 +45 +46 +47 +48 +49 +50 +51 +52 +53 +54 +55 +56 +57 +58 +59 +60 +61 +62 +63 +64 +65 +66 +67 +68 +69 +70 +71 +72 +73 +74 +75 +76 +77 +78 +79 +80 +81 +82 +83 +84 +85 +86 +87 +88 +89 +90 +91 +92 +93 -94 +109 +121 +122 -101 -112 -95 -104 +116 -111 -114 +107 +117 -110 +115 +103 +106 +124 +99 -113 -105 +102 +100 -97 +119 +123 +120 -108 +118 -96 +98)
(+1 +2 +3 +4 +5 +6 +7 +8 +9 +10 +11 +12 +13 +14 +15 +16 +17 +18 +19 +20 +21 +22 +23 +24 +25 +26 +27 +28 +29 +30 +31 +32 +33 +34 +35 +36 +37 +38 +39 +40 +41 +42 +43 +44 +45 +46 +47 +48 +49 +50 +51 +52 +53 +54 +55 +56 +57 +58 +59 +60 +61 +62 +63 +64 +65 +66 +67 +68 +69 +70 +71 +72 +73 +74 +75 +76 +77 +78 +79 +80 +81 +82 +83 +84 +85 +86 +87 +88 +89 +90 +91 +92 +93 +94 +109 +121 +122 -101 -112 -95 -104 +116 -111 -114 +107 +117 -110 +115 +103 +106 +124 +99 -113 -105 +102 +100 -97 +119 +123 +120 -108 +118 -96 +98)
(+1 +2 +3 +4 +5 +6 +7 +8 +9 +10 +11 +12 +13 +14 +15 +16 +17 +18 +19 +20 +21 +22 +23 +24 +25 +26 +27 +28 +29 +30 +31 +32 +33 +34 +35 +36 +37 +38 +39 +40 +41 +42 +43 +44 +45 +46 +47 +48 +49 +50 +51 +52 +53 +54 +55 +56 +57 +58 +59 +60 +61 +62 +63 +64 +65 +66 +67 +68 +69 +70 +71 +72 +73 +74 +75 +76 +77 +78 +79 +80 +81 +82 +83 +84 +85 +86 +87 +88 +89 +90 +91 +92 +93 +94 +95 +112 +101 -122 -121 -109 -104 +116 -111 -114 +107 +117 -110 +115 +103 +106 +124 +99 -113 -105 +102 +100 -97 +119 +123 +120 -108 +118 -96 +98)
(+1 +2 +3 +4 +5 +6 +7 +8 +9 +10 +11 +12 +13 +14 +15 +16 +17 +18 +19 +20 +21 +22 +23 +24 +25 +26 +27 +28 +29 +30 +31 +32 +33 +34 +35 +36 +37 +38 +39 +40 +41 +42 +43 +44 +45 +46 +47 +48 +49 +50 +51 +52 +53 +54 +55 +56 +57 +58 +59 +60 +61 +62 +63 +64 +65 +66 +67 +68 +69 +70 +71 +72 +73 +74 +75 +76 +77 +78 +79 +80 +81 +82 +83 +84 +85 +86 +87 +88 +89 +90 +91 +92 +93 +94 +95 +96 -118 +108 -120 -123 -119 +97 -100 -102 +105 +113 -99 -124 -106 -103 -115 +110 -117 -107 +114 +111 -116 +104 +109 +121 +122 -101 -112 +98)
(+1 +2 +3 +4 +5 +6 +7 +8 +9 +10 +11 +12 +13 +14 +15 +16 +17 +18 +19 +20 +21 +22 +23 +24 +25 +26 +27 +28 +29 +30 +31 +32 +33 +34 +35 +36 +37 +38 +39 +40 +41 +42 +43 +44 +45 +46 +47 +48 +49 +50 +51 +52 +53 +54 +55 +56 +57 +58 +59 +60 +61 +62 +63 +64 +65 +66 +67 +68 +69 +70 +71 +72 +73 +74 +75 +76 +77 +78 +79 +80 +81 +82 +83 +84 +85 +86 +87 +88 +89 +90 +91 +92 +93 +94 +95 +96 -97 +119 +123 +120 -108 +118 -100 -102 +105 +113 -99 -124 -106 -103 -115 +110 -117 -107 +114 +111 -116 +104 +109 +121 +122 -101 -112 +98)
(+1 +2 +3 +4 +5 +6 +7 +8 +9 +10 +11 +12 +13 +14 +15 +16 +17 +18 +19 +20 +21 +22 +23 +24 +25 +26 +27 +28 +29 +30 +31 +32 +33 +34 +35 +36 +37 +38 +39 +40 +41 +42 +43 +44 +45 +46 +47 +48 +49 +50 +51 +52 +53 +54 +55 +56 +57 +58 +59 +60 +61 +62 +63 +64 +65 +66 +67 +68 +69 +70 +71 +72 +73 +74 +75 +76 +77 +78 +79 +80 +81 +82 +83 +84 +85 +86 +87 +88 +89 +90 +91 +92 +93 +94 +95 +96 +97 +119 +123 +120 -108 +118 -100 -102 +105 +113 -99 -124 -106 -103 -115 +110 -117 -107 +114 +111 -116 +104 +109 +121 +122 -101 -112 +98)
(+1 +2 +3 +4 +5 +6 +7 +8 +9 +10 +11 +12 +13 +14 +15 +16 +17 +18 +19 +20 +21 +22 +23 +24 +25 +26 +27 +28 +29 +30 +31 +32 +33 +34 +35 +36 +37 +38 +39 +40 +41 +42 +43 +44 +45 +46 +47 +48 +49 +50 +51 +52 +53 +54 +55 +56 +57 +58 +59 +60 +61 +62 +63 +64 +65 +66 +67 +68 +69 +70 +71 +72 +73 +74 +75 +76 +77 +78 +79 +80 +81 +82 +83 +84 +85 +86 +87 +88 +89 +90 +91 +92 +93 +94 +95 +96 +97 -98 +112 +101 -122 -121 -109 -104 +116 -111 -114 +107 +117 -110 +115 +103 +106 +124 +99 -113 -105 +102 +100 -118 +108 -120 -123 -119)
(+1 +2 +3 +4 +5 +6 +7 +8 +9 +10 +11 +12 +13 +14 +15 +16 +17 +18 +19 +20 +21 +22 +23 +24 +25 +26 +27 +28 +29 +30 +31 +32 +33 +34 +35 +36 +37 +38 +39 +40 +41 +42 +43 +44 +45 +46 +47 +48 +49 +50 +51 +52 +53 +54 +55 +56 +57 +58 +59 +60 +61 +62 +63 +64 +65 +66 +67 +68 +69 +70 +71 +72 +73 +74 +75 +76 +77 +78 +79 +80 +81 +82 +83 +84 +85 +86 +87 +88 +89 +90 +91 +92 +93 +94 +95 +96 +97 +98 +112 +101 -122 -121 -109 -104 +116 -111 -114 +107 +117 -110 +115 +103 +106 +124 +99 -113 -105 +102 +100 -118 +108 -120 -123 -119)
(+1 +2 +3 +4 +5 +6 +7 +8 +9 +10 +11 +12 +13 +14 +15 +16 +17 +18 +19 +20 +21 +22 +23 +24 +25 +26 +27 +28 +29 +30 +31 +32 +33 +34 +35 +36 +37 +38 +39 +40 +41 +42 +43 +44 +45 +46 +47 +48 +49 +50 +51 +52 +53 +54 +55 +56 +57 +58 +59 +60 +61 +62 +63 +64 +65 +66 +67 +68 +69 +70 +71 +72 +73 +74 +75 +76 +77 +78 +79 +80 +81 +82 +83 +84 +85 +86 +87 +88 +89 +90 +91 +92 +93 +94 +95 +96 +97 +98 -99 -124 -106 -103 -115 +110 -117 -107 +114 +111 -116 +104 +109 +121 +122 -101 -112 -113 -105 +102 +100 -118 +108 -120 -123 -119)
(+1 +2 +3 +4 +5 +6 +7 +8 +9 +10 +11 +12 +13 +14 +15 +16 +17 +18 +19 +20 +21 +22 +23 +24 +25 +26 +27 +28 +29 +30 +31 +32 +33 +34 +35 +36 +37 +38 +39 +40 +41 +42 +43 +44 +45 +46 +47 +48 +49 +50 +51 +52 +53 +54 +55 +56 +57 +58 +59 +60 +61 +62 +63 +64 +65 +66 +67 +68 +69 +70 +71 +72 +73 +74 +75 +76 +77 +78 +79 +80 +81 +82 +83 +84 +85 +86 +87 +88 +89 +90 +91 +92 +93 +94 +95 +96 +97 +98 +99 -124 -106 -103 -115 +110 -117 -107 +114 +111 -116 +104 +109 +121 +122 -101 -112 -113 -105 +102 +100 -118 +108 -120 -123 -119)
(+1 +2 +3 +4 +5 +6 +7 +8 +9 +10 +11 +12 +13 +14 +15 +16 +17 +18 +19 +20 +21 +22 +23 +24 +25 +26 +27 +28 +29 +30 +31 +32 +33 +34 +35 +36 +37 +38 +39 +40 +41 +42 +43 +44 +45 +46 +47 +48 +49 +50 +51 +52 +53 +54 +55 +56 +57 +58 +59 +60 +61 +62 +63 +64 +65 +66 +67 +68 +69 +70 +71 +72 +73 +74 +75 +76 +77 +78 +79 +80 +81 +82 +83 +84 +85 +86 +87 +88 +89 +90 +91 +92 +93 +94 +95 +96 +97 +98 +99 -100 -102 +105 +113 +112 +101 -122 -121 -109 -104 +116 -111 -114 +107 +117 -110 +115 +103 +106 +124 -118 +108 -120 -123 -119)
(+1 +2 +3 +4 +5 +6 +7 +8 +9 +10 +11 +12 +13 +14 +15 +16 +17 +18 +19 +20 +21 +22 +23 +24 +25 +26 +27 +28 +29 +30 +31 +32 +33 +34 +35 +36 +37 +38 +39 +40 +41 +42 +43 +44 +45 +46 +47 +48 +49 +50 +51 +52 +53 +54 +55 +56 +57 +58 +59 +60 +61 +62 +63 +64 +65 +66 +67 +68 +69 +70 +71 +72 +73 +74 +75 +76 +77 +78 +79 +80 +81 +82 +83 +84 +85 +86 +87 +88 +89 +90 +91 +92 +93 +94 +95 +96 +97 +98 +99 +100 -102 +105 +113 +112 +101 -122 -121 -109 -104 +116 -111 -114 +107 +117 -110 +115 +103 +106 +124 -118 +108 -120 -123 -119)
(+1 +2 +3 +4 +5 +6 +7 +8 +9 +10 +11 +12 +13 +14 +15 +16 +17 +18 +19 +20 +21 +22 +23 +24 +25 +26 +27 +28 +29 +30 +31 +32 +33 +34 +35 +36 +37 +38 +39 +40 +41 +42 +43 +44 +45 +46 +47 +48 +49 +50 +51 +52 +53 +54 +55 +56 +57 +58 +59 +60 +61 +62 +63 +64 +65 +66 +67 +68 +69 +70 +71 +72 +73 +74 +75 +76 +77 +78 +79 +80 +81 +82 +83 +84 +85 +86 +87 +88 +89 +90 +91 +92 +93 +94 +95 +96 +97 +98 +99 +100 -101 -112 -113 -105 +102 -122 -121 -109 -104 +116 -111 -114 +107 +117 -110 +115 +103 +106 +124 -118 +108 -120 -123 -119)
(+1 +2 +3 +4 +5 +6 +7 +8 +9 +10 +11 +12 +13 +14 +15 +16 +17 +18 +19 +20 +21 +22 +23 +24 +25 +26 +27 +28 +29 +30 +31 +32 +33 +34 +35 +36 +37 +38 +39 +40 +41 +42 +43 +44 +45 +46 +47 +48 +49 +50 +51 +52 +53 +54 +55 +56 +57 +58 +59 +60 +61 +62 +63 +64 +65 +66 +67 +68 +69 +70 +71 +72 +73 +74 +75 +76 +77 +78 +79 +80 +81 +82 +83 +84 +85 +86 +87 +88 +89 +90 +91 +92 +93 +94 +95 +96 +97 +98 +99 +100 +101 -112 -113 -105 +102 -122 -121 -109 -104 +116 -111 -114 +107 +117 -110 +115 +103 +106 +124 -118 +108 -120 -123 -119)
(+1 +2 +3 +4 +5 +6 +7 +8 +9 +10 +11 +12 +13 +14 +15 +16 +17 +18 +19 +20 +21 +22 +23 +24 +25 +26 +27 +28 +29 +30 +31 +32 +33 +34 +35 +36 +37 +38 +39 +40 +41 +42 +43 +44 +45 +46 +47 +48 +49 +50 +51 +52 +53 +54 +55 +56 +57 +58 +59 +60 +61 +62 +63 +64 +65 +66 +67 +68 +69 +70 +71 +72 +73 +74 +75 +76 +77 +78 +79 +80 +81 +82 +83 +84 +85 +86 +87 +88 +89 +90 +91 +92 +93 +94 +95 +96 +97 +98 +99 +100 +101 -102 +105 +113 +112 -122 -121 -109 -104 +116 -111 -114 +107 +117 -110 +115 +103 +106 +124 -118 +108 -120 -123 -119)
(+1 +2 +3 +4 +5 +6 +7 +8 +9 +10 +11 +12 +13 +14 +15 +16 +17 +18 +19 +20 +21 +22 +23 +24 +25 +26 +27 +28 +29 +30 +31 +32 +33 +34 +35 +36 +37 +38 +39 +40 +41 +42 +43 +44 +45 +46 +47 +48 +49 +50 +51 +52 +53 +54 +55 +56 +57 +58 +59 +60 +61 +62 +63 +64 +65 +66 +67 +68 +69 +70 +71 +72 +73 +74 +75 +76 +77 +78 +79 +80 +81 +82 +83 +84 +85 +86 +87 +88 +89 +90 +91 +92 +93 +94 +95 +96 +97 +98 +99 +100 +101 +102 +105 +113 +112 -122 -121 -109 -104 +116 -111 -114 +107 +117 -110 +115 +103 +106 +124 -118 +108 -120 -123 -119)
(+1 +2 +3 +4 +5 +6 +7 +8 +9 +10 +11 +12 +13 +14 +15 +16 +17 +18 +19 +20 +21 +22 +23 +24 +25 +26 +27 +28 +29 +30 +31 +32 +33 +34 +35 +36 +37 +38 +39 +40 +41 +42 +43 +44 +45 +46 +47 +48 +49 +50 +51 +52 +53 +54 +55 +56 +57 +58 +59 +60 +61 +62 +63 +64 +65 +66 +67 +68 +69 +70 +71 +72 +73 +74 +75 +76 +77 +78 +79 +80 +81 +82 +83 +84 +85 +86 +87 +88 +89 +90 +91 +92 +93 +94 +95 +96 +97 +98 +99 +100 +101 +102 -103 -115 +110 -117 -107 +114 +111 -116 +104 +109 +121 +122 -112 -113 -105 +106 +124 -118 +108 -120 -123 -119)
(+1 +2 +3 +4 +5 +6 +7 +8 +9 +10 +11 +12 +13 +14 +15 +16 +17 +18 +19 +20 +21 +22 +23 +24 +25 +26 +27 +28 +29 +30 +31 +32 +33 +34 +35 +36 +37 +38 +39 +40 +41 +42 +43 +44 +45 +46 +47 +48 +49 +50 +51 +52 +53 +54 +55 +56 +57 +58 +59 +60 +61 +62 +63 +64 +65 +66 +67 +68 +69 +70 +71 +72 +73 +74 +75 +76 +77 +78 +79 +80 +81 +82 +83 +84 +85 +86 +87 +88 +89 +90 +91 +92 +93 +94 +95 +96 +97 +98 +99 +100 +101 +102 +103 -115 +110 -117 -107 +114 +111 -116 +104 +109 +121 +122 -112 -113 -105 +106 +124 -118 +108 -120 -123 -119)
(+1 +2 +3 +4 +5 +6 +7 +8 +9 +10 +11 +12 +13 +14 +15 +16 +17 +18 +19 +20 +21 +22 +23 +24 +25 +26 +27 +28 +29 +30 +31 +32 +33 +34 +35 +36 +37 +38 +39 +40 +41 +42 +43 +44 +45 +46 +47 +48 +49 +50 +51 +52 +53 +54 +55 +56 +57 +58 +59 +60 +61 +62 +63 +64 +65 +66 +67 +68 +69 +70 +71 +72 +73 +74 +75 +76 +77 +78 +79 +80 +81 +82 +83 +84 +85 +86 +87 +88 +89 +90 +91 +92 +93 +94 +95 +96 +97 +98 +99 +100 +101 +102 +103 -104 +116 -111 -114 +107 +117 -110 +115 +109 +121 +122 -112 -113 -105 +106 +124 -118 +108 -120 -123 -119)
(+1 +2 +3 +4 +5 +6 +7 +8 +9 +10 +11 +12 +13 +14 +15 +16 +17 +18 +19 +20 +21 +22 +23 +24 +25 +26 +27 +28 +29 +30 +31 +32 +33 +34 +35 +36 +37 +38 +39 +40 +41 +42 +43 +44 +45 +46 +47 +48 +49 +50 +51 +52 +53 +54 +55 +56 +57 +58 +59 +60 +61 +62 +63 +64 +65 +66 +67 +68 +69 +70 +71 +72 +73 +74 +75 +76 +77 +78 +79 +80 +81 +82 +83 +84 +85 +86 +87 +88 +89 +90 +91 +92 +93 +94 +95 +96 +97 +98 +99 +100 +101 +102 +103 +104 +116 -111 -114 +107 +117 -110 +115 +109 +121 +122 -112 -113 -105 +106 +124 -118 +108 -120 -123 -119)
(+1 +2 +3 +4 +5 +6 +7 +8 +9 +10 +11 +12 +13 +14 +15 +16 +17 +18 +19 +20 +21 +22 +23 +24 +25 +26 +27 +28 +29 +30 +31 +32 +33 +34 +35 +36 +37 +38 +39 +40 +41 +42 +43 +44 +45 +46 +47 +48 +49 +50 +51 +52 +53 +54 +55 +56 +57 +58 +59 +60 +61 +62 +63 +64 +65 +66 +67 +68 +69 +70 +71 +72 +73 +74 +75 +76 +77 +78 +79 +80 +81 +82 +83 +84 +85 +86 +87 +88 +89 +90 +91 +92 +93 +94 +95 +96 +97 +98 +99 +100 +101 +102 +103 +104 +105 +113 +112 -122 -121 -109 -115 +110 -117 -107 +114 +111 -116 +106 +124 -118 +108 -120 -123 -119)
(+1 +2 +3 +4 +5 +6 +7 +8 +9 +10 +11 +12 +13 +14 +15 +16 +17 +18 +19 +20 +21 +22 +23 +24 +25 +26 +27 +28 +29 +30 +31 +32 +33 +34 +35 +36 +37 +38 +39 +40 +41 +42 +43 +44 +45 +46 +47 +48 +49 +50 +51 +52 +53 +54 +55 +56 +57 +58 +59 +60 +61 +62 +63 +64 +65 +66 +67 +68 +69 +70 +71 +72 +73 +74 +75 +76 +77 +78 +79 +80 +81 +82 +83 +84 +85 +86 +87 +88 +89 +90 +91 +92 +93 +94 +95 +96 +97 +98 +99 +100 +101 +102 +103 +104 +105 -106 +116 -111 -114 +107 +117 -110 +115 +109 +121 +122 -112 -113 +124 -118 +108 -120 -123 -119)
(+1 +2 +3 +4 +5 +6 +7 +8 +9 +10 +11 +12 +13 +14 +15 +16 +17 +18 +19 +20 +21 +22 +23 +24 +25 +26 +27 +28 +29 +30 +31 +32 +33 +34 +35 +36 +37 +38 +39 +40 +41 +42 +43 +44 +45 +46 +47 +48 +49 +50 +51 +52 +53 +54 +55 +56 +57 +58 +59 +60 +61 +62 +63 +64 +65 +66 +67 +68 +69 +70 +71 +72 +73 +74 +75 +76 +77 +78 +79 +80 +81 +82 +83 +84 +85 +86 +87 +88 +89 +90 +91 +92 +93 +94 +95 +96 +97 +98 +99 +100 +101 +102 +103 +104 +105 +106 +116 -111 -114 +107 +117 -110 +115 +109 +121 +122 -112 -113 +124 -118 +108 -120 -123 -119)
(+1 +2 +3 +4 +5 +6 +7 +8 +9 +10 +11 +12 +13 +14 +15 +16 +17 +18 +19 +20 +21 +22 +23 +24 +25 +26 +27 +28 +29 +30 +31 +32 +33 +34 +35 +36 +37 +38 +39 +40 +41 +42 +43 +44 +45 +46 +47 +48 +49 +50 +51 +52 +53 +54 +55 +56 +57 +58 +59 +60 +61 +62 +63 +64 +65 +66 +67 +68 +69 +70 +71 +72 +73 +74 +75 +76 +77 +78 +79 +80 +81 +82 +83 +84 +85 +86 +87 +88 +89 +90 +91 +92 +93 +94 +95 +96 +97 +98 +99 +100 +101 +102 +103 +104 +105 +106 -107 +114 +111 -116 +117 -110 +115 +109 +121 +122 -112 -113 +124 -118 +108 -120 -123 -119)
(+1 +2 +3 +4 +5 +6 +7 +8 +9 +10 +11 +12 +13 +14 +15 +16 +17 +18 +19 +20 +21 +22 +23 +24 +25 +26 +27 +28 +29 +30 +31 +32 +33 +34 +35 +36 +37 +38 +39 +40 +41 +42 +43 +44 +45 +46 +47 +48 +49 +50 +51 +52 +53 +54 +55 +56 +57 +58 +59 +60 +61 +62 +63 +64 +65 +66 +67 +68 +69 +70 +71 +72 +73 +74 +75 +76 +77 +78 +79 +80 +81 +82 +83 +84 +85 +86 +87 +88 +89 +90 +91 +92 +93 +94 +95 +96 +97 +98 +99 +100 +101 +102 +103 +104 +105 +106 +107 +114 +111 -116 +117 -110 +115 +109 +121 +122 -112 -113 +124 -118 +108 -120 -123 -119)
(+1 +2 +3 +4 +5 +6 +7 +8 +9 +10 +11 +12 +13 +14 +15 +16 +17 +18 +19 +20 +21 +22 +23 +24 +25 +26 +27 +28 +29 +30 +31 +32 +33 +34 +35 +36 +37 +38 +39 +40 +41 +42 +43 +44 +45 +46 +47 +48 +49 +50 +51 +52 +53 +54 +55 +56 +57 +58 +59 +60 +61 +62 +63 +64 +65 +66 +67 +68 +69 +70 +71 +72 +73 +74 +75 +76 +77 +78 +79 +80 +81 +82 +83 +84 +85 +86 +87 +88 +89 +90 +91 +92 +93 +94 +95 +96 +97 +98 +99 +100 +101 +102 +103 +104 +105 +106 +107 -108 +118 -124 +113 +112 -122 -121 -109 -115 +110 -117 +116 -111 -114 -120 -123 -119)
(+1 +2 +3 +4 +5 +6 +7 +8 +9 +10 +11 +12 +13 +14 +15 +16 +17 +18 +19 +20 +21 +22 +23 +24 +25 +26 +27 +28 +29 +30 +31 +32 +33 +34 +35 +36 +37 +38 +39 +40 +41 +42 +43 +44 +45 +46 +47 +48 +49 +50 +51 +52 +53 +54 +55 +56 +57 +58 +59 +60 +61 +62 +63 +64 +65 +66 +67 +68 +69 +70 +71 +72 +73 +74 +75 +76 +77 +78 +79 +80 +81 +82 +83 +84 +85 +86 +87 +88 +89 +90 +91 +92 +93 +94 +95 +96 +97 +98 +99 +100 +101 +102 +103 +104 +105 +106 +107 +108 +118 -124 +113 +112 -122 -121 -109 -115 +110 -117 +116 -111 -114 -120 -123 -119)
(+1 +2 +3 +4 +5 +6 +7 +8 +9 +10 +11 +12 +13 +14 +15 +16 +17 +18 +19 +20 +21 +22 +23 +24 +25 +26 +27 +28 +29 +30 +31 +32 +33 +34 +35 +36 +37 +38 +39 +40 +41 +42 +43 +44 +45 +46 +47 +48 +49 +50 +51 +52 +53 +54 +55 +56 +57 +58 +59 +60 +61 +62 +63 +64 +65 +66 +67 +68 +69 +70 +71 +72 +73 +74 +75 +76 +77 +78 +79 +80 +81 +82 +83 +84 +85 +86 +87 +88 +89 +90 +91 +92 +93 +94 +95 +96 +97 +98 +99 +100 +101 +102 +103 +104 +105 +106 +107 +108 +109 +121 +122 -112 -113 +124 -118 -115 +110 -117 +116 -111 -114 -120 -123 -119)
(+1 +2 +3 +4 +5 +6 +7 +8 +9 +10 +11 +12 +13 +14 +15 +16 +17 +18 +19 +20 +21 +22 +23 +24 +25 +26 +27 +28 +29 +30 +31 +32 +33 +34 +35 +36 +37 +38 +39 +40 +41 +42 +43 +44 +45 +46 +47 +48 +49 +50 +51 +52 +53 +54 +55 +56 +57 +58 +59 +60 +61 +62 +63 +64 +65 +66 +67 +68 +69 +70 +71 +72 +73 +74 +75 +76 +77 +78 +79 +80 +81 +82 +83 +84 +85 +86 +87 +88 +89 +90 +91 +92 +93 +94 +95 +96 +97 +98 +99 +100 +101 +102 +103 +104 +105 +106 +107 +108 +109 -110 +115 +118 -124 +113 +112 -122 -121 -117 +116 -111 -114 -120 -123 -119)
(+1 +2 +3 +4 +5 +6 +7 +8 +9 +10 +11 +12 +13 +14 +15 +16 +17 +18 +19 +20 +21 +22 +23 +24 +25 +26 +27 +28 +29 +30 +31 +32 +33 +34 +35 +36 +37 +38 +39 +40 +41 +42 +43 +44 +45 +46 +47 +48 +49 +50 +51 +52 +53 +54 +55 +56 +57 +58 +59 +60 +61 +62 +63 +64 +65 +66 +67 +68 +69 +70 +71 +72 +73 +74 +75 +76 +77 +78 +79 +80 +81 +82 +83 +84 +85 +86 +87 +88 +89 +90 +91 +92 +93 +94 +95 +96 +97 +98 +99 +100 +101 +102 +103 +104 +105 +106 +107 +108 +109 +110 +115 +118 -124 +113 +112 -122 -121 -117 +116 -111 -114 -120 -123 -119)
(+1 +2 +3 +4 +5 +6 +7 +8 +9 +10 +11 +12 +13 +14 +15 +16 +17 +18 +19 +20 +21 +22 +23 +24 +25 +26 +27 +28 +29 +30 +31 +32 +33 +34 +35 +36 +37 +38 +39 +40 +41 +42 +43 +44 +45 +46 +47 +48 +49 +50 +51 +52 +53 +54 +55 +56 +57 +58 +59 +60 +61 +62 +63 +64 +65 +66 +67 +68 +69 +70 +71 +72 +73 +74 +75 +76 +77 +78 +79 +80 +81 +82 +83 +84 +85 +86 +87 +88 +89 +90 +91 +92 +93 +94 +95 +96 +97 +98 +99 +100 +101 +102 +103 +104 +105 +106 +107 +108 +109 +110 +111 -116 +117 +121 +122 -112 -113 +124 -118 -115 -114 -120 -123 -119)
(+1 +2 +3 +4 +5 +6 +7 +8 +9 +10 +11 +12 +13 +14 +15 +16 +17 +18 +19 +20 +21 +22 +23 +24 +25 +26 +27 +28 +29 +30 +31 +32 +33 +34 +35 +36 +37 +38 +39 +40 +41 +42 +43 +44 +45 +46 +47 +48 +49 +50 +51 +52 +53 +54 +55 +56 +57 +58 +59 +60 +61 +62 +63 +64 +65 +66 +67 +68 +69 +70 +71 +72 +73 +74 +75 +76 +77 +78 +79 +80 +81 +82 +83 +84 +85 +86 +87 +88 +89 +90 +91 +92 +93 +94 +95 +96 +97 +98 +99 +100 +101 +102 +103 +104 +105 +106 +107 +108 +109 +110 +111 +112 -122 -121 -117 +116 -113 +124 -118 -115 -114 -120 -123 -119)
(+1 +2 +3 +4 +5 +6 +7 +8 +9 +10 +11 +12 +13 +14 +15 +16 +17 +18 +19 +20 +21 +22 +23 +24 +25 +26 +27 +28 +29 +30 +31 +32 +33 +34 +35 +36 +37 +38 +39 +40 +41 +42 +43 +44 +45 +46 +47 +48 +49 +50 +51 +52 +53 +54 +55 +56 +57 +58 +59 +60 +61 +62 +63 +64 +65 +66 +67 +68 +69 +70 +71 +72 +73 +74 +75 +76 +77 +78 +79 +80 +81 +82 +83 +84 +85 +86 +87 +88 +89 +90 +91 +92 +93 +94 +95 +96 +97 +98 +99 +100 +101 +102 +103 +104 +105 +106 +107 +108 +109 +110 +111 +112 +113 -116 +117 +121 +122 +124 -118 -115 -114 -120 -123 -119)
(+1 +2 +3 +4 +5 +6 +7 +8 +9 +10 +11 +12 +13 +14 +15 +16 +17 +18 +19 +20 +21 +22 +23 +24 +25 +26 +27 +28 +29 +30 +31 +32 +33 +34 +35 +36 +37 +38 +39 +40 +41 +42 +43 +44 +45 +46 +47 +48 +49 +50 +51 +52 +53 +54 +55 +56 +57 +58 +59 +60 +61 +62 +63 +64 +65 +66 +67 +68 +69 +70 +71 +72 +73 +74 +75 +76 +77 +78 +79 +80 +81 +82 +83 +84 +85 +86 +87 +88 +89 +90 +91 +92 +93 +94 +95 +96 +97 +98 +99 +100 +101 +102 +103 +104 +105 +106 +107 +108 +109 +110 +111 +112 +113 +114 +115 +118 -124 -122 -121 -117 +116 -120 -123 -119)
(+1 +2 +3 +4 +5 +6 +7 +8 +9 +10 +11 +12 +13 +14 +15 +16 +17 +18 +19 +20 +21 +22 +23 +24 +25 +26 +27 +28 +29 +30 +31 +32 +33 +34 +35 +36 +37 +38 +39 +40 +41 +42 +43 +44 +45 +46 +47 +48 +49 +50 +51 +52 +53 +54 +55 +56 +57 +58 +59 +60 +61 +62 +63 +64 +65 +66 +67 +68 +69 +70 +71 +72 +73 +74 +75 +76 +77 +78 +79 +80 +81 +82 +83 +84 +85 +86 +87 +88 +89 +90 +91 +92 +93 +94 +95 +96 +97 +98 +99 +100 +101 +102 +103 +104 +105 +106 +107 +108 +109 +110 +111 +112 +113 +114 +115 -116 +117 +121 +122 +124 -118 -120 -123 -119)
(+1 +2 +3 +4 +5 +6 +7 +8 +9 +10 +11 +12 +13 +14 +15 +16 +17 +18 +19 +20 +21 +22 +23 +24 +25 +26 +27 +28 +29 +30 +31 +32 +33 +34 +35 +36 +37 +38 +39 +40 +41 +42 +43 +44 +45 +46 +47 +48 +49 +50 +51 +52 +53 +54 +55 +56 +57 +58 +59 +60 +61 +62 +63 +64 +65 +66 +67 +68 +69 +70 +71 +72 +73 +74 +75 +76 +77 +78 +79 +80 +81 +82 +83 +84 +85 +86 +87 +88 +89 +90 +91 +92 +93 +94 +95 +96 +97 +98 +99 +100 +101 +102 +103 +104 +105 +106 +107 +108 +109 +110 +111 +112 +113 +114 +115 +116 +117 +121 +122 +124 -118 -120 -123 -119)
(+1 +2 +3 +4 +5 +6 +7 +8 +9 +10 +11 +12 +13 +14 +15 +16 +17 +18 +19 +20 +21 +22 +23 +24 +25 +26 +27 +28 +29 +30 +31 +32 +33 +34 +35 +36 +37 +38 +39 +40 +41 +42 +43 +44 +45 +46 +47 +48 +49 +50 +51 +52 +53 +54 +55 +56 +57 +58 +59 +60 +61 +62 +63 +64 +65 +66 +67 +68 +69 +70 +71 +72 +73 +74 +75 +76 +77 +78 +79 +80 +81 +82 +83 +84 +85 +86 +87 +88 +89 +90 +91 +92 +93 +94 +95 +96 +97 +98 +99 +100 +101 +102 +103 +104 +105 +106 +107 +108 +109 +110 +111 +112 +113 +114 +115 +116 +117 +118 -124 -122 -121 -120 -123 -119)
(+1 +2 +3 +4 +5 +6 +7 +8 +9 +10 +11 +12 +13 +14 +15 +16 +17 +18 +19 +20 +21 +22 +23 +24 +25 +26 +27 +28 +29 +30 +31 +32 +33 +34 +35 +36 +37 +38 +39 +40 +41 +42 +43 +44 +45 +46 +47 +48 +49 +50 +51 +52 +53 +54 +55 +56 +57 +58 +59 +60 +61 +62 +63 +64 +65 +66 +67 +68 +69 +70 +71 +72 +73 +74 +75 +76 +77 +78 +79 +80 +81 +82 +83 +84 +85 +86 +87 +88 +89 +90 +91 +92 +93 +94 +95 +96 +97 +98 +99 +100 +101 +102 +103 +104 +105 +106 +107 +108 +109 +110 +111 +112 +113 +114 +115 +116 +117 +118 +119 +123 +120 +121 +122 +124)
(+1 +2 +3 +4 +5 +6 +7 +8 +9 +10 +11 +12 +13 +14 +15 +16 +17 +18 +19 +20 +21 +22 +23 +24 +25 +26 +27 +28 +29 +30 +31 +32 +33 +34 +35 +36 +37 +38 +39 +40 +41 +42 +43 +44 +45 +46 +47 +48 +49 +50 +51 +52 +53 +54 +55 +56 +57 +58 +59 +60 +61 +62 +63 +64 +65 +66 +67 +68 +69 +70 +71 +72 +73 +74 +75 +76 +77 +78 +79 +80 +81 +82 +83 +84 +85 +86 +87 +88 +89 +90 +91 +92 +93 +94 +95 +96 +97 +98 +99 +100 +101 +102 +103 +104 +105 +106 +107 +108 +109 +110 +111 +112 +113 +114 +115 +116 +117 +118 +119 -120 -123 +121 +122 +124)
(+1 +2 +3 +4 +5 +6 +7 +8 +9 +10 +11 +12 +13 +14 +15 +16 +17 +18 +19 +20 +21 +22 +23 +24 +25 +26 +27 +28 +29 +30 +31 +32 +33 +34 +35 +36 +37 +38 +39 +40 +41 +42 +43 +44 +45 +46 +47 +48 +49 +50 +51 +52 +53 +54 +55 +56 +57 +58 +59 +60 +61 +62 +63 +64 +65 +66 +67 +68 +69 +70 +71 +72 +73 +74 +75 +76 +77 +78 +79 +80 +81 +82 +83 +84 +85 +86 +87 +88 +89 +90 +91 +92 +93 +94 +95 +96 +97 +98 +99 +100 +101 +102 +103 +104 +105 +106 +107 +108 +109 +110 +111 +112 +113 +114 +115 +116 +117 +118 +119 +120 -123 +121 +122 +124)
(+1 +2 +3 +4 +5 +6 +7 +8 +9 +10 +11 +12 +13 +14 +15 +16 +17 +18 +19 +20 +21 +22 +23 +24 +25 +26 +27 +28 +29 +30 +31 +32 +33 +34 +35 +36 +37 +38 +39 +40 +41 +42 +43 +44 +45 +46 +47 +48 +49 +50 +51 +52 +53 +54 +55 +56 +57 +58 +59 +60 +61 +62 +63 +64 +65 +66 +67 +68 +69 +70 +71 +72 +73 +74 +75 +76 +77 +78 +79 +80 +81 +82 +83 +84 +85 +86 +87 +88 +89 +90 +91 +92 +93 +94 +95 +96 +97 +98 +99 +100 +101 +102 +103 +104 +105 +106 +107 +108 +109 +110 +111 +112 +113 +114 +115 +116 +117 +118 +119 +120 -121 +123 +122 +124)
(+1 +2 +3 +4 +5 +6 +7 +8 +9 +10 +11 +12 +13 +14 +15 +16 +17 +18 +19 +20 +21 +22 +23 +24 +25 +26 +27 +28 +29 +30 +31 +32 +33 +34 +35 +36 +37 +38 +39 +40 +41 +42 +43 +44 +45 +46 +47 +48 +49 +50 +51 +52 +53 +54 +55 +56 +57 +58 +59 +60 +61 +62 +63 +64 +65 +66 +67 +68 +69 +70 +71 +72 +73 +74 +75 +76 +77 +78 +79 +80 +81 +82 +83 +84 +85 +86 +87 +88 +89 +90 +91 +92 +93 +94 +95 +96 +97 +98 +99 +100 +101 +102 +103 +104 +105 +106 +107 +108 +109 +110 +111 +112 +113 +114 +115 +116 +117 +118 +119 +120 +121 +123 +122 +124)
(+1 +2 +3 +4 +5 +6 +7 +8 +9 +10 +11 +12 +13 +14 +15 +16 +17 +18 +19 +20 +21 +22 +23 +24 +25 +26 +27 +28 +29 +30 +31 +32 +33 +34 +35 +36 +37 +38 +39 +40 +41 +42 +43 +44 +45 +46 +47 +48 +49 +50 +51 +52 +53 +54 +55 +56 +57 +58 +59 +60 +61 +62 +63 +64 +65 +66 +67 +68 +69 +70 +71 +72 +73 +74 +75 +76 +77 +78 +79 +80 +81 +82 +83 +84 +85 +86 +87 +88 +89 +90 +91 +92 +93 +94 +95 +96 +97 +98 +99 +100 +101 +102 +103 +104 +105 +106 +107 +108 +109 +110 +111 +112 +113 +114 +115 +116 +117 +118 +119 +120 +121 -122 -123 +124)
(+1 +2 +3 +4 +5 +6 +7 +8 +9 +10 +11 +12 +13 +14 +15 +16 +17 +18 +19 +20 +21 +22 +23 +24 +25 +26 +27 +28 +29 +30 +31 +32 +33 +34 +35 +36 +37 +38 +39 +40 +41 +42 +43 +44 +45 +46 +47 +48 +49 +50 +51 +52 +53 +54 +55 +56 +57 +58 +59 +60 +61 +62 +63 +64 +65 +66 +67 +68 +69 +70 +71 +72 +73 +74 +75 +76 +77 +78 +79 +80 +81 +82 +83 +84 +85 +86 +87 +88 +89 +90 +91 +92 +93 +94 +95 +96 +97 +98 +99 +100 +101 +102 +103 +104 +105 +106 +107 +108 +109 +110 +111 +112 +113 +114 +115 +116 +117 +118 +119 +120 +121 +122 -123 +124)
(+1 +2 +3 +4 +5 +6 +7 +8 +9 +10 +11 +12 +13 +14 +15 +16 +17 +18 +19 +20 +21 +22 +23 +24 +25 +26 +27 +28 +29 +30 +31 +32 +33 +34 +35 +36 +37 +38 +39 +40 +41 +42 +43 +44 +45 +46 +47 +48 +49 +50 +51 +52 +53 +54 +55 +56 +57 +58 +59 +60 +61 +62 +63 +64 +65 +66 +67 +68 +69 +70 +71 +72 +73 +74 +75 +76 +77 +78 +79 +80 +81 +82 +83 +84 +85 +86 +87 +88 +89 +90 +91 +92 +93 +94 +95 +96 +97 +98 +99 +100 +101 +102 +103 +104 +105 +106 +107 +108 +109 +110 +111 +112 +113 +114 +115 +116 +117 +118 +119 +120 +121 +122 +123 +124)